Step,Reward
26,-0.2027
53,0.2973
77,-1.9969
112,-5.0010
122,-2.0010
151,-2.0029
180,-2.8024
209,-3.7019
247,-4.3038
281,-3.8029
319,-4.6023
361,-5.1042
403,-4.2037
431,-0.9023
463,-3.6032
505,-5.2027
534,-3.8004
561,0.6983
586,-2.5010
615,-0.7019
655,-6.4030
701,-3.8041
744,-4.9023
783,-1.0024
809,3.5974
843,-3.6029
880,-2.8007
900,0.2000
932,-2.5017
965,-2.7013
972,-0.5007
1005,-0.7023
1037,-3.7002
1068,-3.0021
1102,-1.0024
1125,2.2977
1149,1.7996
1183,-3.3024
1206,0.2982
1235,-1.9994
1266,-2.0026
1289,-1.4003
1316,0.6993
1347,-2.5021
1373,-2.0016
1398,1.8980
1426,-0.7008
1462,-3.3021
1487,-0.8015
1506,0.8991
1522,-0.4006
1561,-5.8019
1565,-0.1004
1585,0.8990
1609,-2.5999
1639,-2.7025
1670,-4.4016
1701,-2.0021
1727,-0.3011
1750,-0.9008
1773,0.9992
1809,-6.1021
1835,-1.5011
1872,-4.7017
1900,-1.6023
1935,-2.8030
1966,-3.9021
1975,-0.4009
1998,-1.6013
2006,-0.7008
2033,-0.5012
2071,-5.2013
2088,2.2988
2108,1.3985
2128,1.4000
2161,-1.9023
2188,-2.7007
2216,-0.9018
2246,0.8970
2273,-0.7012
2304,-1.8016
2332,-1.6018
2364,-2.2022
2400,-2.9011
2404,-0.8004
2432,-3.1008
2473,-4.4041
2499,-0.7021
2526,1.1978
2551,0.8975
2558,0.7003
2586,-0.9998
2613,0.9973
2639,-1.0021
2673,-3.5029
2692,-3.1019
2719,-0.2027
2749,-1.5025
2770,1.1999
2803,-1.9028
2833,-1.4010
2855,-1.6997
2861,-0.5006
2885,-1.5014
2903,-3.6018
2930,0.7973
2954,-0.4004
2983,-1.6019
3004,-0.7006
3033,-0.4024
3057,-0.6009
3089,0.4968
3114,1.3975
3136,3.1988
3162,1.8979
3179,1.9993
3207,-2.3018
3232,-0.8015
3256,0.0991
3286,-1.3025
3308,1.2978
3334,0.3989
3346,-2.0002
3355,0.7991
3381,-2.0016
3411,-2.0030
3437,1.8984
3463,0.6974
3484,2.8989
3511,-1.7017
3539,-0.7018
3564,0.1975
3593,-1.6019
3602,-0.6009
3628,0.6984
3648,-0.7010
3674,-0.5006
3701,-0.2022
3718,-1.0017
3744,-0.7026
3756,0.1993
3786,-0.6025
3806,0.6990
3832,0.9974
3837,0.8995
3864,-0.9027
3894,-2.0025
3920,-1.4026
3934,-2.1014
3954,1.5990
3990,-3.0026
4024,-3.1014
4046,2.6983
4066,2.8005
4102,-4.7036
4121,4.2981
4136,3.6005
4156,2.3990
4179,2.4977
4208,-1.6019
4232,1.7986
4239,-0.7007
4280,-5.9026
4304,1.2006
4318,-2.8014
4333,1.6010
4356,0.2007
4375,3.0001
4398,3.4977
4420,2.4978
4438,0.7997
4465,-5.0012
4497,-5.1012
4523,1.3979
4541,3.4997
4561,-2.4015
4582,3.3979
4603,1.4979
4620,3.4983
4642,-0.7007
4665,1.5977
4698,-1.7018
4722,-0.1019
4751,-1.8029
4776,1.5980
4799,-1.3023
4831,-2.9027
4839,0.9992
4858,2.5981
4888,-1.5025
4911,1.6987
4934,2.2977
4957,0.2992
4987,-3.2030
5008,2.1984
5033,0.8975
5058,1.3985
5087,-2.1019
5107,-0.9020
5131,1.5981
5153,3.1978
5182,0.7971
5197,3.3995
5224,-0.7017
5253,-2.7029
5278,3.0975
5309,-2.5016
5312,-0.6003
5340,-0.4023
5363,2.6977
5386,2.9977
5406,0.4985
5409,0.0997
5427,0.5997
5450,-0.6018
5476,-0.3001
5499,-0.4023
5517,-0.1988
5537,5.4990
5561,0.0991
5588,-1.9017
5611,2.9982
5642,-2.7021
5668,-1.0021
5690,1.4978
5710,0.4005
5740,-0.8025
5756,-0.6011
5773,4.6983
5792,2.0981
5822,-2.7020
5841,1.3991
5844,0.0997
5849,-1.0005
5874,1.5975
5897,2.0977
5923,-0.0026
5959,-6.3031
5988,-2.8009
6006,3.4987
6030,-0.9004
6050,2.5980
6079,0.2981
6089,0.8000
6109,1.8985
6140,-2.2021
6167,2.8973
6194,-1.6022
6198,-0.8004
6223,-0.3010
6260,-2.6022
6265,-1.0005
6295,-2.5025
6323,-1.8028
6340,2.8993
6353,3.4032
6374,1.1989
6396,0.9993
6416,-1.2990
6443,0.4983
6463,1.3995
6486,3.1977
6502,2.4009
6523,-3.5991
6545,1.4988
6568,0.7987
6595,-2.7982
6624,-2.1009
6652,-0.5023
6684,-2.2012
6708,1.7996
6734,-0.4001
6755,0.6989
6786,2.5974
6812,0.4974
6839,-1.5002
6859,3.5980
6885,1.6974
6906,-0.3006
6930,-0.1014
6949,3.0986
6967,3.2017
7003,-5.1031
7028,0.3990
7061,-3.3028
7089,-0.4018
7108,1.6006
7141,-3.6028
7174,-2.1033
7193,0.3016
7209,4.6984
7229,2.3985
7263,-1.8034
7282,3.2991
7301,2.5991
7325,-1.4004
7347,1.4988
7375,-1.6023
7402,0.9973
7421,3.5981
7441,1.1985
7448,-0.7007
7472,-2.3004
7491,1.1981
7517,-0.7016
7534,3.4993
7560,0.7974
7582,1.9978
7586,-0.8004
7611,1.3985
7635,2.0976
7661,-0.0026
7687,-1.0016
7710,0.0977
7741,-2.7021
7765,0.0991
7788,2.8997
7814,-1.0011
7840,-0.2026
7863,0.0982
7884,0.8999
7912,0.0982
7940,-1.6023
7974,-1.6024
7990,2.6994
8012,4.1978
8035,1.2977
8055,5.2980
8082,-1.4017
8110,-1.8028
8136,0.6984
8159,1.0977
8184,-0.6015
8198,5.7986
8220,3.3983
8251,-0.5026
8277,0.9974
8299,1.2978
8309,2.9990
8335,-1.7016
8358,0.7987
8377,1.8001
8399,1.2988
8420,2.6984
8441,0.7004
8467,-0.5011
8497,-1.7030
8512,5.7995
8541,-2.0024
8571,-1.3030
8594,-1.6013
8617,0.3977
8633,0.7014
8657,2.2986
8678,0.7984
8682,-0.1004
8702,2.2995
8732,-1.5020
8751,3.7981
8774,1.0977
8798,-1.8014
8825,-0.5017
8848,0.4992
8876,-1.6023
8907,-1.7031
8930,0.5982
8949,-2.6019
8970,0.9984
9003,-3.6018
9029,-1.7006
9053,2.2976
9089,-2.0036
9123,-2.8024
9143,3.3985
9165,0.4998
9188,1.4987
9211,0.7992
9235,1.4991
9263,-0.4028
9285,2.4978
9305,5.2985
9321,1.0004
9347,-1.2026
9370,1.9977
9385,3.4005
9405,0.4005
9425,3.0990
9453,-1.2013
9474,2.3999
9496,2.6978
9512,3.5004
9540,0.5972
9561,0.9984
9581,1.3985
9603,1.9983
9628,0.8990
9652,1.5976
9670,1.4997
9693,-0.1018
9716,-1.1013
9744,-2.9013
9767,0.5977
9802,-3.7030
9827,-1.0015
9851,0.7996
9872,0.6999
9896,1.5991
9920,3.0976
9941,1.4979
9961,-0.3010
9983,2.4978
10015,-2.4027
10038,1.2997
10058,4.2990
10079,0.2989
10103,2.0981
10133,1.0970
10154,0.4989
10181,-0.0017
10203,2.1993
10240,-3.4037
10253,5.4007
10282,-1.3029
10302,1.8985
10328,-0.3011
10351,2.6992
10381,-3.0010
10397,5.5994
10428,3.0969
10439,0.8004
10466,-1.7022
10497,-0.8026
10518,1.4984
10552,-3.8014
10568,-2.5016
10596,-1.4013
10621,1.3975
10651,-0.8020
10658,-1.4007
10677,-0.1004
10706,-1.6019
10709,-0.6003
10728,0.4011
10742,2.6001
10759,2.2008
10792,-4.0033
10801,1.7991
10831,-2.7030
10847,4.0999
10869,1.8998
10893,-0.1014
10915,0.7988
10932,3.8993
10952,0.4000
10988,-6.6016
11011,1.4997
11033,-0.4012
11066,-2.9023
11093,-1.7017
11109,4.0999
11129,2.0990
11160,-3.5006
11181,0.6989
11206,-1.5015
11237,-0.8016
11263,-0.0026
11294,-1.7026
11313,1.7991
11344,-2.2026
11359,0.2985
11382,-0.6023
11406,0.3986
11427,1.1009
11447,0.1010
11474,-1.7987
11505,-1.5031
11528,-0.4993
11531,-0.6003
11547,2.1994
11571,-1.1994
11593,-0.9992
11613,3.5980
11633,1.8010
11652,0.8996
11675,0.7987
11705,-1.1020
11739,-5.0019
11760,2.8994
11792,-1.9032
11795,-0.6003
11815,-0.7020
11833,2.7982
11855,-1.1987
11880,2.5975
11907,-0.9027
11933,-1.0011
11951,2.2997
11977,0.6979
11994,3.6018
11998,-0.8004
12028,-3.0030
12049,0.9004
12075,0.1984
12099,0.8981
12123,0.5986
12146,-0.2013
12163,2.2003
12191,-2.3028
12214,1.5982
12240,-2.2006
12272,-2.5007
12291,2.3981
12307,-2.3016
12325,1.0997
12344,1.8001
12367,1.7002
12390,1.2987
12412,0.9988
12435,-0.4998
12459,-1.2969
12477,2.2997
12492,1.9000
12511,0.8011
12539,-0.4023
12564,-2.7015
12583,2.5986
12612,-0.0014
12643,-1.7026
12668,0.3990
12688,-0.7015
12711,-0.8018
12733,2.3988
12751,-0.2003
12768,3.4013
12792,-0.6014
12820,-2.1018
12845,-2.3005
12867,2.1988
12884,3.8993
12903,-0.5999
12912,-0.6009
12948,-2.3026
12968,1.5990
12996,-1.1028
12999,0.0997
13020,1.2004
13048,-1.9008
13063,4.3000
13088,4.2975
13107,0.1011
13129,2.1998
13145,2.4004
13170,-1.8000
13193,0.0987
13217,1.7981
13237,1.4000
13257,0.4005
13278,-0.7991
13305,-1.7002
13323,1.7992
13343,-0.7020
13370,2.6973
13388,-0.1993
13413,0.6975
13438,2.5000
13461,0.9982
13478,5.8983
13507,-1.6009
13528,-0.5006
13551,1.6992
13580,-3.5019
13609,-1.1024
13643,-5.2024
13672,-2.1014
13679,1.1993
13706,1.2973
13725,3.2996
13751,-0.2026
13777,-1.0991
13792,3.4005
13809,2.2993
13825,2.6984
13848,-0.5003
13884,-5.2991
13905,-1.0006
13943,-3.8038
13961,5.3992
13992,-1.8006
14006,3.1001
14026,3.5985
14045,0.0996
14064,0.5031
14083,2.0006
14096,1.8012
14118,1.2003
14139,-1.1996
14159,2.0995
14181,0.9988
14196,3.6000
14213,0.5008
14239,0.4974
14256,1.0018
14281,1.2975
14307,-1.0006
14334,-0.9027
14354,2.3980
14375,-0.0981
14393,1.3002
14418,-0.7995
14434,3.6989
14464,-1.6010
14496,-1.7017
14515,1.1001
14531,1.4014
14557,-1.9016
14575,4.4987
14593,2.2987
14609,3.6989
14630,1.4004
14660,-1.3010
14693,-2.3033
14717,1.1976
14744,-3.1987
14775,-4.2006
14797,1.1998
14817,0.3995
14836,2.7996
14855,0.8016
14875,0.7000
14890,3.3005
14895,-0.3005
14911,1.1999
14929,-0.1973
14952,2.2977
14967,4.0990
14985,0.8017
15006,-0.0986
15022,3.1004
15028,-1.2006
15062,-0.7024
15086,-2.3004
15104,2.0002
15126,-0.0007
15152,1.1974
15171,1.1001
15189,2.9017
15207,2.1997
15230,-0.8998
15245,4.5990
15280,-3.5995
15296,1.9009
15317,1.1979
15344,-1.2002
15367,3.7977
15378,-1.0011
15399,3.5999
15428,-2.4994
15444,3.1994
15464,2.8980
15488,1.5006
15509,1.6989
15529,3.0990
15547,2.4992
15568,0.6989
15599,-1.0026
15624,-0.5015
15636,5.3998
15650,3.3001
15680,-1.5025
15699,1.1006
15713,2.3001
15728,4.8005
15758,-0.7000
15779,-0.2996
15795,3.9004
15816,2.8984
15832,3.1989
15849,3.0003
15865,-3.0011
15883,2.9997
15898,4.0010
15910,5.4013
15929,2.5986
15952,3.8997
15971,1.3001
15991,1.6990
15994,-0.6003
16010,3.6004
16038,-0.6028
16056,2.0987
16076,3.0980
16099,-2.3973
16124,-1.1000
16150,1.4974
16170,-0.5010
16196,-1.5016
16216,0.6015
16235,2.5991
16253,2.9007
16271,2.3002
16294,1.9012
16311,0.5018
16335,-1.6984
16351,1.1039
16378,-3.6012
16401,-0.7003
16424,1.2987
16451,2.0998
16471,2.6000
16484,3.2997
16503,-0.4969
16525,1.2978
16543,3.0012
16549,0.9004
16563,2.3021
16583,0.4990
16607,2.2986
16631,-0.6004
16652,0.2009
16666,1.5036
16690,0.5981
16709,1.9996
16728,4.2991
16753,-0.6000
16779,2.3979
16801,1.6988
16827,0.8989
16850,0.3977
16866,1.0004
16887,1.6009
16914,-1.2007
16936,1.4008
16939,0.0997
16957,1.2017
16968,-0.8001
16993,0.8980
17006,4.5002
17029,0.4987
17054,0.1000
17075,0.6994
17092,2.6998
17107,2.1015
17124,2.1028
17149,-0.8010
17174,-2.2990
17185,3.9019
17209,2.0986
17231,-0.0002
17248,3.6013
17260,2.0023
17272,7.1003
17295,1.7987
17306,3.8024
17325,-0.3979
17340,4.5995
17359,4.4996
17384,0.6975
17400,2.1019
17419,1.8001
17433,4.2031
17453,0.1015
17474,1.4984
17494,0.6020
17515,0.4989
17529,3.5996
17560,-1.6001
17580,0.6990
17607,-1.7997
17621,5.5001
17637,2.1989
17653,4.8984
17666,3.7022
17683,2.7003
17701,2.4992
17725,3.2981
17758,-0.4028
17778,1.4980
17796,4.4987
17825,-2.8009
17847,-0.0007
17870,0.7987
17892,1.7988
17904,2.7013
17927,0.5012
17948,2.6979
17962,5.0001
17975,4.4997
17989,3.0036
18003,4.5986
18023,0.6020
18045,-0.2007
18058,3.5002
18077,0.1011
18101,0.5991
18119,0.9032
18139,2.1990
18161,0.4993
18188,-1.0012
18209,2.8004
18224,3.6015
18245,1.8009
18267,0.9988
18288,2.1994
18304,2.1019
18326,1.4013
18344,2.5987
18360,3.3989
18377,3.4008
18398,2.6979
18408,4.1010
18428,0.4005
18452,1.0976
18478,0.4974
18494,1.9009
18511,2.9988
18530,1.3991
18532,0.2998
18546,1.9006
18572,0.9974
18589,3.2003
18603,2.5031
18617,1.8016
18645,0.6987
18658,4.0007
18676,2.0007
18696,1.8015
18708,2.7018
18729,2.6004
18753,0.1976
18767,1.6006
18788,-0.7006
18806,0.5027
18826,3.5990
18846,0.1010
18863,3.1998
18884,4.0989
18899,1.6015
18920,0.9999
18945,1.8000
18972,0.0973
18997,-0.8000
19022,1.3980
19040,2.9997
19062,3.4978
19087,-1.1000
19100,3.9022
19118,3.0982
19139,1.4004
19155,3.9004
19177,-0.9987
19192,4.5000
19213,1.4004
19249,-2.2031
19262,1.5032
19284,0.9993
19303,1.8001
19318,2.5030
19337,0.8021
19353,2.6994
19374,1.1989
19388,4.2016
19406,3.5982
19426,2.1000
19444,2.7017
19462,0.3007
19477,2.6010
19500,-0.9988
19525,0.0995
19542,0.2023
19559,5.3993
19578,1.5996
19599,-0.5001
19619,0.6995
19643,1.2981
19658,3.7030
19674,5.0984
19689,3.8015
19705,3.1999
19721,2.4009
19739,3.4997
19753,4.5016
19783,-0.8010
19805,1.4993
19836,-3.6021
19853,4.6993
19869,4.5994
19891,1.4983
19913,0.2993
19934,0.4989
19959,-1.0015
19972,5.1992
19992,1.6005
20006,3.3011
20028,-0.9977
20041,3.8007
20059,2.9997
20075,3.3014
20087,7.0998
20102,2.9005
20118,3.6009
20148,-1.6015
20160,4.9013
20179,1.8991
20192,2.2047
20206,5.9996
20213,0.4993
20235,1.0978
20249,3.7016
20269,-2.0965
20288,3.6996
20303,4.8000
20318,5.2995
20337,0.1016
20356,1.8001
20366,3.1015
20387,2.3994
20412,-1.0010
20432,3.7985
20458,1.3999
20470,2.5008
20489,-0.1969
20501,-0.5012
20521,1.3995
20537,4.3009
20559,0.9993
20585,1.4974
20605,1.3995
20620,2.0035
20642,1.9983
20660,2.2992
20673,5.4017
20691,-0.4978
20707,1.9014
20725,2.0012
20748,1.7987
20765,2.6993
20779,2.7026
20801,-1.4992
20814,4.4017
20838,1.9996
20851,4.4992
20869,0.8017
20884,7.4990
20905,3.3989
20921,4.3009
20932,5.4004
20948,2.9009
20963,1.4005
20987,0.0991
20998,2.4034
21012,2.1006
21027,5.8000
21045,2.7997
21064,3.0991
21079,4.9995
21096,2.7003
21121,1.6975
21138,2.0008
21165,-1.1997
21180,0.3040
21204,2.0986
21228,3.7986
21256,-1.9003
21289,-2.4988
21313,-0.1004
21327,3.5011
21346,3.2991
21369,2.4992
21387,-0.6983
21404,1.1033
21428,0.6976
21446,0.7027
21459,2.5022
21473,1.1021
21500,-1.0002
21516,0.1034
21535,-0.0994
21554,-1.5989
21574,1.4000
21604,-0.1010
21619,4.7015
21640,1.4984
21658,0.3017
21674,3.4004
21695,2.6004
21714,1.6001
21731,2.2003
21747,4.5999
21768,1.2004
21781,6.6997
21801,1.6985
21825,0.7996
21837,1.5018
21856,3.0001
21870,4.0011
21897,-1.5002
21912,3.7995
21926,4.7996
21949,2.7977
21972,0.8977
22000,0.7982
22015,6.0985
22038,0.5012
22057,4.0981
22080,1.2997
22101,0.3999
22113,2.9023
22133,0.4015
22149,5.3984
22166,2.0013
22179,1.4062
22196,5.3993
22215,2.0991
22230,2.6010
22245,3.5020
22266,0.9994
22291,1.8980
22308,2.2013
22328,2.5010
22346,1.8002
22376,-1.0025
22393,2.4998
22415,-0.7967
22440,1.8985
22457,6.0983
22487,-1.3015
22502,4.3995
22526,-0.8989
22539,1.9032
22554,6.5985
22578,0.8986
22594,4.0999
22609,2.2000
22625,3.4009
22643,1.0022
22661,2.5002
22680,3.7986
22694,6.4986
22708,5.2006
22724,2.6999
22738,0.1026
22751,3.4027
22767,2.9004
22781,5.9991
22792,5.6009
22809,2.9018
22827,0.1012
22842,2.9005
22859,3.2003
22875,6.5989
22889,3.3006
22908,3.0986
22926,2.0002
22942,2.4009
22964,1.9988
22984,1.6010
23003,1.3016
23017,3.0011
23031,3.5996
23043,0.1013
23069,0.1014
23081,4.2008
23113,-1.2017
23126,3.0022
23141,2.6005
23154,1.9047
23168,3.3996
23191,-0.9003
23203,3.6043
23227,-0.8014
23251,3.2981
23267,5.1004
23277,4.5990
23295,2.8002
23310,5.5995
23327,2.7003
23340,2.7022
23358,2.7992
23377,2.0006
23394,2.9018
23411,2.2023
23437,-0.0991
23449,4.7003
23466,0.7023
23480,5.2006
23503,0.2987
23515,2.9023
23533,1.5997
23549,3.8994
23578,-2.4984
23597,2.0021
23617,3.5990
23637,0.9005
23655,-0.2973
23670,2.1025
23695,1.9995
23708,1.5027
23724,5.5999
23738,3.8006
23762,3.4981
23779,2.7983
23799,-0.0985
23814,3.8005
23825,5.1014
23845,2.3000
23860,2.1010
23881,2.5999
23895,7.6996
23914,-0.7999
23940,2.3974
23956,3.1009
23978,2.6993
23995,1.9023
24008,1.8017
24034,0.1004
24046,3.2023
24064,3.1997
24081,5.8988
24098,1.5013
24117,0.6001
24135,2.2007
24163,-1.8018
24186,0.0012
24197,3.6029
24210,4.9027
24229,0.3996
24252,2.4987
24265,3.2027
24279,2.3006
24298,3.5981
24330,-2.7007
24349,0.8021
24366,1.5003
24380,3.5016
24405,-1.9025
24422,2.7008
24455,-2.8023
24473,3.0002
24491,3.2987
24518,-0.2017
24534,2.1014
24553,0.8996
24575,-0.4007
24594,1.1006
24609,4.0005
24627,2.4997
24640,3.9027
24664,0.8986
24690,0.1994
24707,3.4993
24720,2.7027
24734,3.0021
24760,-1.2011
24779,3.0001
24796,3.4008
24811,4.0015
24838,-0.0007
24854,3.8999
24871,1.5008
24888,2.2008
24904,5.8004
24916,3.2008
24936,2.7995
24953,3.9993
24968,2.3015
24988,3.8980
25009,1.6994
25020,4.6004
25035,5.7990
25048,2.4017
25076,-0.9008
25091,3.8015
25104,3.2017
25122,2.5007
25134,5.1013
25151,2.7003
25164,4.4022
25176,2.9018
25206,-1.5025
25219,2.3012
25238,1.2026
25257,1.8006
25276,2.0016
25295,2.3001
25311,1.7004
25323,6.3013
25341,4.6997
25354,1.7042
25367,3.7007
25380,3.5007
25407,-0.9017
25430,2.9007
25444,2.3021
25466,0.2018
25485,4.9981
25499,4.5011
25511,2.9033
25537,-3.2001
25554,0.5013
25579,-1.3975
25604,-0.3010
25619,2.5005
25621,0.2998
25650,-2.2029
25688,-5.3023
25713,1.9990
25730,3.4008
25747,3.7003
25762,0.9020
25781,2.5991
25799,1.0027
25813,5.9991
25830,0.4033
25855,1.6975
25868,2.7037
25892,0.6976
25906,4.7016
25920,3.0006
25930,2.3040
25955,-1.9950
25985,2.0975
26002,1.0993
26027,0.0990
26042,1.6020
26067,-2.0005
26078,4.9009
26095,3.1993
26115,-0.8975
26133,1.0017
26147,4.0006
26158,2.9019
26171,0.5042
26184,3.9012
26198,4.2026
26218,-0.5015
26232,2.4036
26246,1.5041
26262,2.6009
26283,0.2004
26304,1.1999
26327,0.5992
26346,0.8011
26366,3.8000
26386,1.6985
26404,-0.8958
26423,1.1001
26442,0.4001
26466,1.4011
26482,5.8004
26494,2.9023
26507,3.9017
26528,0.2014
26553,1.0990
26570,2.4018
26595,0.3010
26618,0.2997
26636,2.4997
26654,3.6997
26676,1.2988
26692,0.8039
26707,1.1025
26727,0.6005
26741,4.4996
26752,3.8044
26767,5.0990
26781,2.7031
26796,4.1000
26808,5.6018
26820,6.1988
26841,3.1004
26862,2.1019
26879,2.4008
26889,5.5020
26908,5.0001
26923,3.8995
26942,-1.0989
26957,3.1015
26977,1.9000
26988,3.9014
27001,4.7017
27021,2.8005
27037,2.4009
27051,3.5026
27078,-1.1997
27097,1.6001
27109,3.6033
27128,0.1021
27149,0.2004
27170,2.1999
27182,3.2013
27206,-0.4004
27219,2.1037
27233,1.6001
27251,1.5012
27266,1.6015
27284,2.7012
27298,4.8006
27313,5.0010
27330,1.4998
27346,3.3999
27356,3.6030
27370,3.7026
27387,-0.6982
27409,2.4003
27423,4.5006
27440,3.2008
27458,1.2027
27469,3.4014
27484,2.0040
27493,-1.6009
27511,1.3012
27525,2.8011
27557,-2.2017
27575,2.7002
27588,3.3002
27609,2.6004
27632,0.5987
27654,0.9993
27670,3.3024
27685,2.6025
27701,2.1019
27719,0.6007
27735,4.8014
27753,2.5002
27773,2.8985
27787,1.8021
27801,2.8016
27826,0.6000
27845,2.0006
27863,1.2027
27880,1.7023
27893,3.9032
27919,0.3999
27933,3.2021
27948,4.5995
27966,1.2997
27991,0.3985
28005,3.6001
28020,1.3020
28064,-0.0039
28084,1.1015
28106,1.4993
28119,3.7022
28140,-0.2011
28175,0.5970
28194,1.7011
28207,4.9997
28223,4.4004
28238,0.4015
28255,3.1993
28309,-4.4044
28335,-0.8001
28349,2.6016
28366,1.7008
28385,2.2996
28400,4.0015
28415,4.5990
28429,0.5031
28446,3.1008
28461,2.8995
28477,5.8004
28492,1.6030
28516,0.5996
28542,-1.2011
28567,0.1000
28583,1.4024
28597,4.2021
28609,3.9028
28628,4.5001
28647,2.3001
28665,2.0012
28681,4.1014
28706,1.2995
28726,1.6980
28750,-1.8009
28766,5.5004
28784,-0.1983
28797,5.2012
28816,3.4991
28836,2.3985
28852,2.1999
28874,2.1993
28898,0.7996
28915,2.5003
28932,2.9018
28944,3.9018
28958,6.0001
28976,2.0007
28994,2.0017
29012,0.6032
29025,5.9012
29036,4.6014
29049,2.0017
29061,7.3008
29073,4.1998
29084,3.9014
29106,1.7988
29121,3.1010
29132,3.1029
29149,2.2983
29173,0.1001
29187,2.5021
29223,-3.3001
29241,2.0007
29254,4.0012
29279,-2.1970
29301,2.1003
29331,-2.5990
29351,1.2000
29365,5.5986
29384,5.0001
29396,3.5003
29409,3.2037
29430,1.8009
29440,4.3020
29481,-0.6021
29497,2.4004
29511,6.2006
29528,2.7013
29544,3.9004
29561,3.7003
29578,2.1028
29611,-0.7013
29623,4.9013
29635,0.4053
29661,1.3989
29681,2.1000
29705,1.0996
29722,2.7983
29737,1.3030
29747,2.6025
29772,-0.5020
29793,0.1014
29804,4.1024
29819,3.6000
29833,4.9996
29846,3.0017
29864,4.1992
29877,5.2002
29891,0.8026
29911,3.0980
29940,-2.1994
29956,3.8009
29973,4.8993
29984,3.9019
30003,0.6016
30024,2.1009
30039,2.4005
30054,0.8040
30077,-0.6993
30087,4.1020
30108,1.9004
30124,1.9994
30139,3.6000
30165,-2.0976
30180,1.8035
30193,2.7022
30208,3.8005
30226,0.8002
30239,3.0017
30251,1.7038
30270,-0.1974
30287,1.0003
30313,2.3984
30339,1.8984
30358,1.0021
30376,3.0007
30392,3.0999
30406,6.4991
30425,4.2991
30442,1.7008
30458,4.1004
30471,4.0002
30488,5.3988
30503,2.4005
30527,-1.0019
30539,6.1008
30551,3.5003
30569,1.7997
30588,2.3001
30610,1.4993
30628,1.6002
30645,3.4993
30658,4.2017
30678,1.2000
30695,1.8003
30711,2.9989
30732,2.6984
30750,1.0022
30762,3.2028
30783,0.4014
30797,4.5991
30817,2.0995
30836,4.6996
30854,1.5007
30882,0.3972
30901,3.2006
30914,2.7022
30931,3.0003
30945,4.4996
30960,2.3030
30977,4.6993
30993,3.1994
31015,0.2008
31035,1.6990
31061,0.6984
31074,2.7022
31085,5.1009
31103,3.0002
31121,2.3002
31137,2.8019
31148,2.9019
31162,4.2006
31177,1.4020
31213,-1.3026
31227,5.2021
31242,4.0010
31263,1.2004
31278,3.8010
31298,2.3015
31316,2.2032
31330,4.5011
31352,-0.9002
31375,0.3002
31405,-2.0025
31416,5.1019
31427,3.1029
31441,5.0986
31457,3.8014
31472,3.6015
31484,5.8998
31504,1.8995
31519,3.1015
31532,3.2012
31555,-0.8018
31570,3.1000
31588,0.8007
31604,2.4024
31627,-0.1988
31647,0.9005
31662,2.1015
31676,5.2011
31714,-2.7018
31729,3.3010
31744,4.3005
31756,3.9018
31781,2.0990
31803,0.7008
31832,-0.4009
31845,3.7007
31867,-1.7977
31889,3.6988
31918,-2.2029
31934,4.8989
31948,2.3021
31967,1.1006
31983,1.1039
31998,3.3000
32019,1.1999
32038,2.7996
32059,0.9989
32076,3.9003
32092,1.2014
32106,2.5021
32123,2.6998
32137,2.1006
32149,4.2008
32163,5.9986
32190,-1.5007
32206,3.1014
32223,3.4993
32242,2.3006
32258,2.9004
32286,-0.6028
32307,0.9014
32322,0.6040
32336,3.0011
32366,-2.5015
32377,8.2999
32392,3.8000
32405,5.2012
32416,3.6029
32433,5.0013
32448,1.1030
32458,1.6045
32479,1.6999
32504,-0.3020
32530,1.1984
32558,-0.7988
32570,3.4033
32591,2.6989
32605,2.8016
32622,1.7008
32644,1.7003
32662,2.0017
32674,5.4003
32700,-0.7016
32719,2.5006
32734,2.8015
32751,1.7008
32774,-0.4993
32797,0.7992
32812,5.7995
32831,2.5991
32848,2.2008
32869,2.1004
32882,3.0007
32895,5.6997
32905,1.3045
32920,4.1005
32938,0.8007
32955,3.8013
32987,-0.5017
33009,0.9018
33023,2.3011
33034,3.1034
33052,1.3007
33077,2.0985
33087,3.6025
33103,2.1024
33112,7.0011
33123,3.9014
33142,4.7001
33154,4.4008
33173,1.6001
33193,1.8005
33203,4.3025
33224,3.3999
33251,-0.7012
33269,1.9032
33297,-3.0998
33319,0.7008
33336,4.5993
33350,2.0021
33370,3.5990
33384,5.2996
33401,3.9003
33416,2.6010
33428,3.2013
33446,2.7997
33469,0.0987
33483,5.0006
33495,5.8998
33511,1.4019
33523,4.9003
33534,3.1034
33563,1.0971
33578,7.2985
33592,4.7006
33605,4.2012
33625,1.3990
33664,-4.0039
33684,1.6990
33696,6.1008
33715,1.6011
33735,1.1015
33752,2.6008
33770,1.5002
33787,1.7998
33805,1.2022
33816,3.6034
33833,1.7003
33864,1.5979
33878,5.2006
33915,-1.0027
33934,1.3011
33951,5.3983
33973,1.1998
33992,3.0986
34006,1.7041
34027,1.3994
34051,0.8001
34066,1.3025
34081,2.6015
34105,2.4996
34127,1.9998
34137,2.8030
34150,3.4032
34171,1.6994
34197,0.6984
34211,4.9996
34231,3.0990
34244,3.2022
34259,3.6000
34280,3.1984
34297,2.4013
34308,4.1999
34323,5.0015
34337,5.4996
34352,2.5030
34376,0.8001
34396,-0.2995
34430,-0.5014
34446,1.6019
34461,3.6010
34476,5.3000
34495,2.0016
34528,-2.6018
34548,0.4010
34566,2.2997
34578,2.4038
34592,2.8016
34614,0.5003
34632,3.2992
34649,2.0003
34662,5.4007
34677,2.1005
34691,3.7016
34724,0.4977
34737,3.6042
34760,0.8977
34778,2.5007
34792,4.0006
34819,0.4978
34836,3.3998
34848,5.9008
34860,4.4018
34877,4.1018
34892,2.6985
34906,3.4041
34929,3.1992
34943,2.8016
34955,2.8063
34965,4.8030
34978,5.6997
34988,4.8030
35015,-1.2012
35038,-0.2003
35052,2.2036
35074,0.5978
35089,3.5025
35099,6.8005
35112,2.3017
35136,2.5976
35153,3.9008
35168,4.5005
35180,6.0993
35193,3.5017
35208,5.7005
35222,2.4006
35239,0.6048
35253,2.5016
35267,5.2001
35278,5.3994
35297,2.8001
35315,2.2012
35340,1.8985
35359,-0.5994
35372,3.4022
35383,3.1024
35391,1.0002
35403,6.3993
35417,3.5016
35440,0.7992
35460,2.5000
35469,4.3011
35484,3.3010
35496,2.2013
35511,4.5000
35523,3.2018
35539,5.7999
35555,2.2009
35568,6.1992
35580,4.2008
35592,3.2023
35595,-0.6003
35611,3.3994
35624,4.2007
35635,3.9009
35656,2.8994
35669,5.2007
35689,1.8010
35710,3.1989
35724,6.6996
35741,1.9013
35765,-1.5019
35784,1.1001
35798,6.3996
35813,3.5995
35831,1.8012
35845,2.5016
35861,1.9009
35878,1.9013
35892,3.7016
35909,5.8988
35921,4.4013
35939,1.3002
35961,0.5008
35977,2.2009
36012,-1.7000
36027,4.3005
36041,4.0001
36054,3.7017
36072,1.5002
36081,3.8016
36098,3.6998
36116,3.2012
36137,0.9014
36163,-1.0986
36184,1.6999
36204,1.4005
36218,3.5016
36228,6.3010
36243,2.4005
36267,0.0996
36285,4.1997
36301,3.1019
36312,4.3019
36327,5.7995
36340,3.5017
36359,2.5016
36379,0.3025
36402,4.3992
36416,5.0011
36429,2.2037
36446,4.1003
36486,-5.3975
36504,2.0012
36527,1.0982
36542,2.8025
36573,-0.8996
36591,6.3997
36604,2.5022
36618,5.6996
36643,2.4995
36657,3.5016
36672,3.6000
36685,3.9022
36698,4.7997
36725,-2.2002
36738,3.7012
36750,6.3998
36760,4.8025
36775,2.9005
36798,1.9997
36811,5.7007
36828,2.4013
36840,4.6018
36856,2.7004
36872,2.9004
36885,4.9017
36899,2.3011
36925,2.0989
36936,4.1009
36946,3.8030
36958,6.1003
36981,1.0977
37000,1.6001
37010,3.8035
37043,-1.0003
37062,1.3016
37077,2.6005
37095,1.7997
37113,1.3002
37144,1.5979
37159,4.1005
37172,4.0012
37185,1.2042
37196,4.1009
37226,0.7990
37239,4.0002
37251,1.7033
37269,-0.1968
37282,3.4027
37293,3.9014
37310,2.7008
37335,2.7975
37347,5.1013
37364,3.4993
37375,3.1024
37391,3.8014
37407,3.4009
37427,0.4015
37447,1.5020
37463,4.3994
37489,0.1984
37516,-0.0012
37536,1.4000
37551,4.5005
37565,3.9046
37586,1.6979
37599,2.7022
37613,2.4041
37625,4.4018
37640,1.4015
37653,2.7027
37672,2.3006
37685,3.2022
37701,4.0999
37715,-0.1959
37752,-2.4032
37769,3.9008
37782,2.5022
37795,1.1057
37809,3.3001
37822,3.9012
37833,2.8044
37852,2.0996
37864,1.7038
37885,1.6999
37897,2.9023
37917,2.1005
37934,3.2003
37948,5.0006
37963,2.6005
37979,0.4024
37997,2.0017
38029,-0.7022
38051,2.3998
38063,2.9033
38080,3.4993
38118,-2.5008
38136,1.8002
38148,3.6028
38160,4.4013
38175,0.6025
38190,1.8030
38210,1.6015
38222,3.9003
38238,0.3049
38252,4.0001
38280,0.4992
38293,4.7007
38306,4.7007
38324,2.0987
38340,3.6994
38350,4.6010
38363,3.0017
38378,4.8000
38400,-0.2002
38414,4.2021
38428,5.0001
38441,3.5002
38457,4.3014
38472,2.8015
38490,3.9992
38510,1.6000
38523,6.6987
38552,-1.4009
38568,4.1009
38586,1.7022
38605,2.7991
38627,2.6988
38641,3.3011
38671,-0.6990
38685,0.8041
38696,4.1009
38710,3.5996
38730,2.6000
38742,2.9033
38766,-0.6004
38791,0.5990
38807,2.9014
38827,1.6990
38845,2.0007
38860,3.3010
38877,3.1998
38898,1.6999
38909,3.1029
38929,2.0990
38940,3.6024
38958,1.1002
38974,4.3004
38996,-0.8962
39017,0.2009
39037,5.6990
39051,4.5006
39063,3.2008
39078,4.3010
39092,6.2011
39111,1.6006
39130,0.8021
39146,2.6014
39162,2.6994
39179,0.8003
39196,4.3998
39211,3.8010
39224,2.0017
39244,-0.3975
39259,1.5040
39271,4.2008
39285,4.7021
39301,1.4024
39320,1.3021
39331,2.1029
39347,3.4004
39365,3.4992
39377,4.4023
39394,1.9018
39410,4.3994
39429,-0.1984
39438,4.3001
39454,3.0029
39470,3.1989
39488,3.4007
39504,0.8049
39517,5.0002
39536,2.7996
39549,3.0017
39570,0.7004
39596,0.6989
39611,2.0010
39624,2.7027
39637,1.5027
39651,4.3006
39671,4.0980
39686,4.8000
39700,1.2041
39720,-0.2990
39733,4.9012
39750,1.0013
39770,0.3020
39785,2.3015
39816,-1.0026
39834,1.8002
39849,3.1005
39865,2.1999
39878,3.0007
39896,0.8012
39918,0.2008
39933,4.3000
39958,0.8990
39970,6.1003
39998,0.7987
40033,-1.1020
40044,2.8039
40063,0.9001
40074,2.7009
40090,3.3019
40103,4.7012
40116,4.2017
40129,0.8032
40145,2.6019
40172,0.7973
40187,3.1015
40202,4.0025
40217,4.1005
40231,2.1001
40265,-3.3019
40278,1.4047
40298,4.0000
40311,5.2007
40323,7.3988
40355,-2.1032
40370,1.5035
40382,3.6028
40396,4.7996
40410,4.5001
40423,6.6997
40437,1.0031
40452,5.2995
40472,2.8000
40489,1.5008
40510,0.7004
40523,1.0037
40543,1.6990
40554,3.9009
40578,-1.5994
40591,3.7012
40615,-0.3014
40632,2.2018
40645,4.7002
40658,5.2002
40679,0.2989
40693,3.4041
40710,1.4018
40726,4.3994
40742,2.4009
40754,3.7008
40769,4.0025
40791,-0.1022
40816,0.8980
40831,2.3030
40846,2.5995
40861,5.5005
40880,5.2981
40894,1.8021
40905,3.4009
40925,1.1005
40948,-1.4983
40967,3.7986
40982,2.6015
41008,-1.0011
41021,3.2032
41046,-0.1000
41066,-0.7995
41080,4.0011
41097,2.0008
41119,-0.2982
41135,1.1039
41147,5.6998
41170,0.2992
41191,1.3999
41202,4.6004
41216,1.3026
41232,3.6004
41272,-3.8030
41296,0.3991
41321,0.1990
41336,4.8000
41347,2.4029
41367,2.1000
41387,0.7000
41406,1.8011
41417,4.6009
41430,3.3002
41444,2.7031
41458,2.3016
41475,3.9013
41497,-0.1992
41519,0.9988
41535,3.4004
41553,3.9982
41564,3.4024
41577,4.4027
41595,0.1002
41616,1.8989
41635,2.8001
41661,0.4979
41681,0.9010
41692,1.6034
41715,1.7992
41729,5.0006
41749,1.8005
41760,3.9014
41773,5.2012
41785,4.6998
41797,1.3053
41809,4.4003
41821,4.9013
41850,-1.6014
41863,5.4992
41875,2.4033
41891,3.3999
41911,2.1000
41923,5.4008
41943,1.4000
41955,1.4038
41967,3.5003
41983,-0.1936
42011,-0.4013
42028,2.0008
42055,0.4003
42069,3.0021
42088,3.0001
42103,0.9015
42115,0.9048
42131,2.6994
42148,2.7013
42168,2.5990
42185,2.0003
42198,1.4037
42211,2.0027
42234,1.9027
42246,2.9028
42267,0.4999
42284,2.0013
42297,1.2042
42316,3.5986
42336,1.4005
42363,-0.7982
42373,2.1030
42396,1.9007
42410,2.6006
42427,0.5013
42443,4.1004
42463,1.1985
42486,-0.2973
42499,2.5022
42509,3.3040
42524,3.8015
42542,3.1997
42556,1.1021
42577,3.1989
42598,1.9984
42611,5.4007
42623,4.6993
42637,4.5001
42678,-4.5016
42699,4.0994
42715,0.8044
42725,2.8035
42741,2.9014
42760,3.7991
42774,3.7026
42788,2.6001
42800,2.9033
42823,2.2002
42836,5.7002
42874,-3.1028
42893,1.8001
42912,-0.3979
42921,6.5006
42934,2.8012
42954,-0.3980
42971,4.6983
42985,2.2051
43010,1.0995
43022,2.9028
43037,2.8010
43054,5.1003
43067,3.5002
43084,1.9993
43096,4.4023
43109,3.5017
43137,-0.9013
43151,0.1026
43163,4.4023
43174,5.1009
43194,1.3015
43207,4.9987
43244,-2.9027
43264,5.9980
43276,6.8998
43292,1.2009
43308,6.5984
43322,4.2996
43336,4.0006
43356,1.1990
43370,3.3001
43390,3.5990
43403,3.5017
43418,4.5015
43433,2.9005
43454,3.3979
43470,2.6994
43484,5.5006
43500,2.4994
43523,-0.1988
43536,3.7007
43555,3.2996
43567,4.6998
43586,3.0001
43608,1.2983
43620,5.1023
43631,4.9004
43645,5.7011
43658,4.0007
43670,3.6033
43692,1.0978
43706,4.7996
43728,-0.4012
43743,3.0030
43758,3.8015
43779,0.7989
43793,4.9991
43807,6.1991
43839,-0.7022
43854,3.1015
43866,3.6023
43880,5.5006
43890,3.1025
43906,1.9014
43926,3.2980
43942,3.4004
43955,5.8997
43970,4.5025
43986,3.4004
44007,2.8984
44019,2.4018
44035,4.6004
44047,4.9013
44059,3.2018
44072,5.6997
44085,4.7007
44097,5.1013
44110,2.7027
44122,6.1993
44138,3.3014
44157,1.5996
44171,2.7026
44188,4.9003
44206,2.7992
44220,3.7031
44232,4.9013
44245,2.5017
44263,2.2022
44278,1.7005
44290,4.4018
44307,2.5003
44328,3.6004
44347,1.5996
44359,5.6018
44371,3.2013
44393,-1.3997
44418,-0.5995
44428,4.1020
44440,3.7008
44454,4.7021
44471,2.7013
44495,0.5006
44514,3.0991
44530,0.9019
44556,2.0989
44574,5.1992
44587,5.6997
44599,2.6038
44611,1.4048
44621,2.8020
44636,4.3005
44674,-1.5023
44686,6.6008
44702,4.3994
44712,4.8025
44724,5.1013
44735,4.4009
44748,5.6997
44770,-1.7972
44788,3.1997
44803,4.8000
44815,3.2023
44837,0.7988
44850,5.2012
44864,2.6001
44876,3.8038
44887,4.6024
44902,2.4010
44921,2.5991
44936,2.6015
44954,4.2982
44970,0.9999
44999,-1.6004
45023,0.5991
45040,4.1998
45056,3.6989
45074,3.4987
45095,0.9994
45110,2.6015
45123,0.4062
45141,1.0012
45158,2.9998
45171,5.4002
45203,-0.0022
45219,1.4009
45243,-1.0999
45257,3.0016
45273,1.1024
45294,2.3999
45306,4.9018
45325,2.7021
45337,3.7008
45349,0.4043
45361,2.7018
45373,2.9033
45396,2.4987
45414,0.3017
45431,1.0023
45447,5.2994
45461,2.8016
45474,2.3012
45500,2.0989
45530,0.3980
45542,2.5018
45558,5.3984
45582,-0.6989
45603,3.1979
45617,3.5011
45637,2.3010
45656,1.8001
45678,-0.3972
45691,3.2027
45708,4.8983
45719,0.4039
45741,2.4003
45752,5.1014
45768,1.6029
45778,4.8020
45808,-1.5990
45819,3.6024
45834,1.8025
45854,1.8985
45871,1.2023
45887,3.4004
45925,-1.7028
45940,6.0010
45958,1.1002
45973,4.0995
45993,0.6020
46016,1.2987
46027,4.4019
46045,2.2012
46061,3.3994
46077,1.9019
46099,-0.7002
46114,3.3015
46128,1.8996
46140,4.4018
46154,5.0006
46168,1.3031
46183,3.0020
46196,1.4052
46208,2.6053
46225,3.4983
46238,4.4032
46254,1.3029
46275,-0.0006
46291,6.7984
46304,4.5007
46320,1.9019
46323,-0.6003
46339,4.8994
46354,2.8995
46373,3.9996
46396,-0.9003
46411,3.8010
46427,1.6999
46445,3.7002
46460,1.3035
46486,2.1974
46507,-0.2991
46523,3.6009
46545,0.7988
46564,3.3001
46581,2.4013
46593,3.7013
46617,0.8976
46635,1.5017
46648,2.0027
46676,0.7977
46688,4.7008
46701,3.0012
46716,5.7990
46729,4.7007
46743,2.5026
46764,3.3009
46779,2.1015
46795,2.1999
46809,2.5026
46828,1.3991
46842,4.0016
46856,4.0016
46870,3.7026
46890,2.5985
46905,3.1000
46919,3.2026
46928,2.8031
46954,-0.5006
46965,4.4019
46988,1.7987
47007,2.5996
47022,5.0005
47035,2.8012
47049,1.3031
47066,3.8993
47079,3.0017
47093,2.0026
47103,3.1020
47124,1.6004
47145,0.4999
47165,3.4995
47184,-0.5994
47199,2.4005
47217,2.0012
47240,0.3002
47254,3.3016
47276,3.8978
47286,4.6015
47300,3.2021
47313,4.2012
47324,5.3009
47341,2.1998
47358,3.9983
47369,-0.1926
47385,3.8984
47395,3.6025
47406,4.8024
47418,6.1008
47431,4.4997
47449,2.5007
47467,2.7992
47489,3.1988
47513,-0.8004
47529,2.8029
47541,3.6028
47558,4.1013
47573,3.5020
47596,1.4992
47609,3.8007
47631,4.6978
47646,4.3005
47664,4.6997
47676,3.9013
47690,3.5011
47706,4.1984
47726,4.2985
47743,2.2013
47768,-1.8000
47788,3.0995
47805,4.4983
47826,0.2989
47845,1.1011
47861,2.2004
47871,3.8035
47884,4.0002
47912,1.6992
47927,4.5995
47941,2.0026
47957,1.9009
48002,-6.1005
48023,0.6999
48045,2.1998
48060,4.3010
48070,2.6025
48081,4.0034
48097,1.9999
48109,4.4003
48123,3.0011
48138,3.4000
48151,5.9002
48169,0.5012
48182,4.0002
48199,2.4998
48213,3.3006
48225,2.2028
48250,0.2035
48262,1.6058
48279,2.6998
48293,4.0011
48306,2.3002
48329,0.0017
48350,2.3994
48362,3.9023
48376,4.5006
48388,3.6023
48403,4.1000
48425,2.6988
48444,5.2981
48459,5.8000
48476,1.0003
48489,3.2027
48508,2.0011
48524,3.8999
48552,0.3972
48568,2.7004
48585,1.7003
48598,3.2017
48610,4.6028
48624,5.0001
48635,5.0999
48649,4.3001
48688,-2.2019
48700,3.7008
48715,5.0005
48740,1.8985
48757,2.0003
48771,3.6041
48787,0.9999
48804,3.9003
48824,2.1990
48853,1.2981
48871,1.6002
48883,2.0018
48903,0.0025
48920,1.2023
48936,3.4004
48956,2.0995
48970,2.9041
48985,1.3035
49007,0.2998
49022,1.9010
49040,3.4992
49058,2.3002
49081,2.2002
49102,1.4004
49105,0.0997
49126,1.1994
49139,6.4987
49157,4.2002
49168,4.4009
49181,3.5007
49195,4.0016
49209,0.8031
49221,4.2013
49234,5.4012
49245,3.9019
49276,-0.8986
49288,4.4013
49299,5.8999
49330,-1.1006
49345,3.1005
49357,3.9008
49371,4.3006
49388,3.4008
49400,0.9048
49412,2.7028
49422,5.8020
49433,4.1029
49443,2.6020
49465,-0.3977
49484,1.4001
49500,1.4024
49513,3.7022
49527,3.0021
49547,0.4010
49559,2.6038
49570,5.3019
49585,3.0015
49597,4.9013
49615,4.4992
49636,0.2009
49652,2.6989
49670,2.2007
49684,2.5021
49700,1.6029
49711,4.1019
49730,3.2996
49745,1.8015
49761,3.8999
49778,1.2998
49795,0.3048
49836,-4.5016
49849,6.4002
49862,4.5007
49876,3.5021
49888,3.0003
49908,2.3005
49921,4.2007
49939,0.1007
49955,1.8044
49968,4.4992
49981,4.0012
50000,3.5001
50013,4.2007
50026,4.9012
50044,3.0002
50057,4.4022
50074,2.2013
50087,4.0012
50100,3.7017
50119,2.3001
50135,4.0994
50158,-1.1008
50177,3.0001
50195,3.7007
50218,0.7992
50235,-0.5957
50259,0.8981
50271,6.1018
50284,2.3012
50296,6.1013
50309,2.9027
50328,3.2991
50363,-1.8015
50379,0.4029
50396,4.3998
50412,1.9999
50424,5.1013
50441,2.4023
50451,4.6020
50470,3.0006
50492,2.4988
50524,-0.8022
50541,2.9993
50556,5.2995
50573,2.9013
50588,3.6000
50600,4.4013
50617,3.8998
50634,2.4013
50652,0.3012
50663,4.4014
50681,1.3002
50700,1.5011
50713,1.0042
50726,5.7007
50750,3.7976
50765,4.3005
50787,3.3988
50803,2.6009
50818,3.1005
50844,-0.7991
50860,1.3034
50882,2.3023
50897,1.4020
50923,1.3979
50936,4.2002
50951,4.0995
50963,4.6998
50978,4.2995
50995,2.1993
51021,1.1974
51058,-1.1007
51075,5.6003
51096,2.6989
51108,2.7008
51122,6.1996
51131,4.0041
51145,2.0036
51160,5.0990
51174,3.0026
51196,0.5008
51211,3.8000
51224,3.2997
51237,5.4002
51253,2.1019
51269,1.4019
51282,6.6997
51298,3.4984
51311,3.0012
51326,5.5985
51346,0.6015
51371,1.5990
51395,-0.4004
51419,1.2991
51438,5.4991
51450,3.4033
51464,3.3011
51486,2.4988
51504,3.7002
51518,3.7016
51535,3.4003
51553,0.5997
51574,3.5984
51592,5.1992
51609,3.4008
51628,3.0981
51641,4.9007
51651,5.1005
51663,3.0008
51678,5.3000
51693,3.1010
51706,4.5007
51726,3.1980
51749,1.5987
51766,4.6003
51786,3.5990
51811,0.4000
51826,6.9985
51841,3.1000
51858,3.6998
51871,4.0017
51887,4.6004
51910,2.2007
51933,2.9982
51949,1.2009
51967,2.9997
51978,4.1999
52000,1.9983
52018,0.0017
52033,4.3000
52046,3.7017
52059,4.7012
52073,3.8001
52088,3.4005
52110,-0.1997
52125,4.1000
52140,4.1005
52151,4.9009
52163,3.2003
52184,1.2009
52200,3.6019
52224,2.0981
52243,2.0996
52254,3.8024
52266,2.0013
52285,1.3996
52301,2.8999
52326,0.1985
52338,4.9008
52355,0.5018
52378,2.8997
52391,3.3007
52422,-1.7031
52441,6.8986
52458,-0.1982
52472,4.5011
52489,3.1993
52509,1.4005
52525,4.1984
52550,1.5985
52573,1.2987
52600,-0.0022
52621,2.1994
52640,2.0996
52653,4.2007
52674,3.0994
52692,1.3007
52717,-1.2015
52734,4.8993
52748,5.4996
52760,4.1023
52780,0.4015
52795,2.5030
52814,2.5991
52832,4.6992
52849,1.8003
52865,3.9004
52878,5.6997
52910,0.6978
52920,4.3025
52938,2.5982
52952,4.3001
52971,2.7991
52983,1.8008
53004,3.6979
53029,0.4975
53043,5.2986
53062,3.7986
53081,2.5986
53092,6.0999
53112,2.4000
53125,3.2007
53138,2.5017
53155,0.5008
53172,4.1993
53189,2.4008
53210,4.2984
53225,1.4015
53237,2.4033
53251,1.6016
53268,3.4008
53286,4.2982
53306,2.5995
53329,0.7992
53349,3.7985
53365,2.2004
53382,2.1018
53408,-0.0016
53425,6.0993
53441,1.9004
53453,5.6998
53472,1.1991
53492,2.0990
53505,2.2012
53522,1.9018
53538,2.9004
53554,5.5984
53570,2.4009
53590,0.0040
53616,1.3989
53629,2.7012
53651,1.4988
53678,0.2978
53696,2.0987
53719,-0.4013
53733,2.6006
53750,3.9983
53767,1.5008
53792,-0.5015
53813,0.9994
53838,0.8005
53851,4.4022
53866,2.4000
53879,4.2007
53894,3.3015
53915,2.8989
53931,4.6004
53950,0.8016
53966,4.0994
53984,1.1002
54002,0.0022
54020,0.8007
54044,1.5986
54058,3.8001
54072,5.7991
54087,2.1015
54113,-0.7991
54133,1.8995
54145,4.9013
54169,3.2981
54190,0.0004
54206,1.7009
54221,3.1005
54241,1.6985
54253,4.6033
54269,3.3999
54286,2.2013
54297,2.9019
54323,0.9984
54338,4.3015
54353,4.1000
54366,2.7027
54386,0.8015
54399,4.4997
54428,2.2981
54448,1.1010
54457,5.8011
54475,2.2992
54489,4.2011
54501,2.9028
54519,3.6997
54533,3.7011
54556,1.5987
54576,3.8980
54604,-0.4013
54619,1.7045
54630,2.9024
54645,4.5990
54656,3.1029
54669,3.2027
54682,4.7002
54697,5.3005
54729,-1.2012
54742,5.6997
54754,4.6018
54765,2.2024
54796,-0.3026
54808,4.6023
54820,3.7018
54838,-0.2963
54852,4.2996
54865,4.9012
54876,6.1009
54889,1.7037
54906,0.5013
54923,3.1998
54937,1.0031
54955,2.0012
54965,3.3030
54981,0.4014
54995,4.2996
55022,-0.3977
55038,3.9004
55054,4.5994
55068,3.0016
55082,2.5021
55103,2.6989
55116,4.0002
55130,5.0001
55149,3.2996
55162,5.9007
55180,3.4992
55198,2.4997
55217,1.7996
55233,4.1009
55256,-0.4003
55280,2.0981
55297,1.5003
55315,2.4022
55326,4.1019
55341,2.6010
55360,2.5991
55383,0.8007
55397,4.0011
55410,3.4027
55424,3.3001
55436,4.9008
55456,0.6985
55471,2.6015
55484,2.7027
55500,1.6014
55511,5.1014
55523,3.2023
55540,4.3988
55551,3.1034
55563,4.1023
55576,4.2017
55596,1.8010
55623,-0.7992
55639,1.9019
55655,3.4004
55675,2.1010
55688,3.4017
55702,2.2026
55713,5.8019
55734,1.4984
55757,1.5987
55772,4.8000
55796,-1.3989
55818,2.4003
55832,3.0016
55843,3.6024
55856,3.0012
55868,3.4018
55885,1.9998
55900,4.0995
55913,6.1007
55924,3.8039
55936,5.4008
55949,4.7007
55961,4.7008
55976,3.3020
55999,-0.8018
56017,3.9992
56035,0.4042
56047,4.9003
56059,3.9018
56084,1.3985
56108,1.3006
56141,-1.7008
56162,0.6019
56181,3.3001
56202,0.2984
56218,4.5994
56241,0.9992
56252,5.3999
56273,0.9009
56288,3.3020
56309,1.6014
56323,0.7041
56336,1.2032
56347,4.1019
56357,5.0015
56374,-0.3952
56386,3.7008
56399,4.2012
56413,2.8016
56434,1.1009
56445,5.4009
56459,1.8016
56475,1.9999
56492,0.9018
56512,2.0995
56523,4.1024
56545,0.0008
56558,3.4027
56575,4.1988
56587,4.4018
56598,3.4009
56616,4.6982
56627,3.4014
56645,0.2037
56662,4.1998
56674,4.4023
56690,2.9004
56700,3.6020
56717,1.2013
56749,-0.0022
56764,3.1015
56780,1.9019
56793,3.9027
56804,3.6024
56822,2.0002
56833,3.1039
56848,4.3000
56864,4.8019
56876,4.4018
56888,3.7008
56909,1.6994
56921,1.4043
56935,3.8001
56949,3.3001
56968,3.2991
56987,3.7991
57001,1.6016
57036,-0.7005
57053,5.1003
57073,1.9000
57088,2.1020
57107,2.2996
57123,3.8019
57139,3.6994
57168,-1.5029
57181,4.2007
57211,1.2990
57224,2.0032
57239,3.2025
57259,-0.3000
57277,2.3002
57293,3.3994
57317,1.0986
57337,0.2005
57352,4.5995
57368,3.9004
57381,1.0022
57398,2.1023
57411,4.0012
57426,4.3005
57450,0.6006
57468,4.2002
57489,1.9984
57502,4.7012
57515,4.2012
57536,1.9979
57551,2.8025
57576,1.0995
57588,3.9018
57603,3.1010
57616,3.2022
57629,4.9997
57640,4.3029
57650,4.8030
57662,3.4023
57677,3.1005
57693,3.6019
57709,2.9014
57722,2.9037
57735,0.5037
57749,7.6991
57773,0.8006
57784,4.1024
57799,2.0030
57815,3.1014
57829,4.0021
57842,3.2022
57871,-2.3989
57890,2.7991
57902,4.4013
57919,3.9008
57934,2.0020
57949,2.1020
57965,3.6009
57981,2.9009
57996,1.4010
58006,3.3035
58019,4.9022
58032,3.5017
58053,1.1014
58067,4.9011
58079,3.4023
58090,4.4009
58106,5.0999
58116,3.8035
58128,5.6993
58142,3.5996
58156,4.0011
58165,3.3026
58178,6.1997
58190,2.2028
58217,1.6983
58229,4.1028
58241,5.9008
58255,3.0016
58268,3.5007
58279,5.1019
58288,3.0046
58304,2.6999
58328,-2.5994
58341,4.2027
58359,-0.3998
58372,4.6032
58385,3.0017
58403,0.0017
58425,1.6993
58438,3.2027
58456,0.7017
58469,4.4027
58484,2.4010
58498,2.8016
58509,4.8019
58521,4.4018
58533,2.2028
58552,3.7006
58571,2.8001
58584,4.9997
58598,3.1006
58618,2.8985
58636,1.5997
58651,5.7995
58668,1.3003
58684,3.3999
58698,1.3026
58720,1.6998
58736,2.4019
58748,1.7028
58760,3.7013
58776,2.9004
58792,2.6019
58803,3.4029
58818,3.6005
58832,4.0021
58846,3.7036
58866,1.6005
58878,6.8993
58890,5.4008
58903,1.9042
58917,2.1011
58932,4.7995
58944,4.4018
58957,5.2987
58967,2.8025
58986,0.6011
58997,2.9019
59011,5.9996
59028,0.2023
59044,1.7014
59076,1.3968
59088,4.4988
59100,2.7018
59111,4.6019
59124,5.2017
59134,4.5035
59146,5.9003
59161,0.9010
59175,0.9016
59187,6.6008
59203,2.9009
59214,5.6014
59226,7.6008
59237,3.6029
59251,4.2026
59270,1.6011
59282,4.9993
59294,4.3028
59307,6.6987
59318,3.4019
59332,4.5001
59342,4.6015
59367,0.3010
59379,4.2008
59395,3.1004
59407,2.4023
59423,2.8029
59432,2.8031
59449,2.7003
59467,3.0002
59478,4.8029
59493,4.3005
59506,3.7027
59521,5.0010
59547,-0.3001
59559,5.3998
59570,5.3019
59582,3.7008
59596,6.2006
59611,3.1010
59632,-0.2996
59646,4.7011
59659,3.7012
59688,-2.3014
59691,-0.6003
59708,2.7013
59719,5.1014
59731,3.2018
59746,2.5025
59756,4.8025
59779,2.2977
59792,6.6002
59805,3.2012
59820,2.5025
59834,3.2026
59847,1.1017
59862,5.0995
59882,1.1990
59906,0.3981
59919,4.7012
59930,2.9024
59943,3.2027
59959,1.1019
59974,5.3000
59987,3.7997
59999,1.7028
60009,4.8020
60026,3.1993
60043,1.7003
60056,6.1017
60073,3.9983
60087,5.2016
60098,4.6014
60110,3.9028
60127,2.7993
60142,4.7995
60154,3.2013
60171,1.4033
60182,4.6009
60210,0.9987
60225,3.3010
60276,-4.3031
60312,-2.8996
60329,1.1033
60342,3.2022
60360,-0.3978
60376,4.6004
60398,1.4003
60416,2.7007
60430,1.0036
60451,0.6009
60471,3.3980
60487,4.3994
60501,3.6001
60512,4.8019
60524,3.2013
60539,3.7035
60557,0.8017
60568,5.1004
60584,2.6024
60600,2.4014
60620,1.8995
60635,0.4015
60660,1.3985
60678,2.7012
60692,3.3001
60702,6.3010
60716,5.2996
60739,0.9997
60753,5.4996
60767,4.0996
60783,3.1019
60793,4.8015
60806,5.2002
60822,1.7014
60837,3.1005
60850,4.5007
60865,1.6010
60880,4.5005
60893,4.7017
60905,4.4013
60920,3.1010
60947,-0.7997
60965,2.3002
60977,3.5008
60990,4.1022
61003,3.7012
61028,-1.0015
61047,4.0001
61068,0.9994
61087,1.5031
61104,4.6993
61125,2.0994
61139,4.8001
61153,1.5031
61167,2.0036
61185,2.7007
61200,1.3020
61229,-0.4009
61244,2.5035
61256,4.7008
61268,2.3058
61284,2.2004
61299,5.7015
61312,3.5007
61325,6.1997
61335,1.9025
61346,4.8039
61360,2.0021
61406,-3.3036
61422,3.6014
61446,1.0016
61462,1.9009
61476,4.0011
61490,5.7996
61503,3.0012
61516,4.9007
61527,2.1029
61543,2.6024
61563,0.9005
61580,4.8998
61595,0.8040
61605,3.8035
61617,5.4018
61629,6.8998
61645,3.6994
61664,2.0996
61684,1.1010
61712,-2.1013
61726,2.5016
61743,4.1008
61755,1.7023
61777,1.7003
61789,3.2023
61805,1.7004
61819,2.2041
61832,1.7037
61846,4.5001
61865,2.3006
61898,-0.2993
61911,3.5012
61927,1.2989
61940,3.4042
61952,1.5018
61966,1.8021
61981,1.6025
61993,1.0033
62007,5.2001
62018,5.3014
62032,2.0031
62045,3.7997
62059,2.4036
62101,-2.5037
62114,4.7997
62134,3.7990
62145,4.4014
62162,0.7023
62177,2.8010
62188,4.8019
62205,4.3993
62222,1.2018
62236,2.6006
62249,5.4012
62263,3.2026
62273,3.8025
62284,2.6029
62298,1.5031
62323,3.0975
62346,3.4987
62361,3.8010
62377,1.4019
62407,-0.3030
62422,4.3005
62434,3.2018
62447,4.4007
62462,2.1015
62475,1.4047
62490,3.6005
62512,1.2988
62526,5.2016
62539,2.7022
62553,5.2021
62566,1.8027
62583,2.0003
62617,-1.1024
62635,1.5012
62649,3.9026
62661,3.2018
62684,1.2997
62696,4.7003
62707,4.6019
62719,7.1008
62729,5.3010
62740,5.1004
62761,1.9004
62773,4.4013
62789,3.1014
62803,3.6006
62817,4.0016
62837,3.0990
62847,6.5020
62877,-1.6010
62891,4.9016
62900,3.6016
62913,4.7012
62927,5.5001
62939,3.1028
62951,4.6998
62964,4.2012
62978,2.6006
62997,2.4021
63011,3.3006
63030,4.0001
63051,2.8994
63077,1.8979
63105,-2.6008
63121,1.4019
63136,4.3005
63154,5.3992
63179,-0.1005
63192,5.9002
63211,2.0991
63224,3.5007
63238,4.0011
63248,4.5025
63262,2.1011
63279,1.5013
63299,3.0995
63310,3.1039
63344,-1.8034
63366,1.0008
63381,2.1015
63397,3.6994
63420,1.8992
63436,1.9019
63456,-1.0985
63467,5.1014
63481,4.4021
63505,2.0001
63520,3.6000
63534,2.8021
63547,4.2022
63563,1.9014
63580,2.1043
63596,2.4009
63610,4.8001
63623,2.7027
63640,0.9018
63658,1.8012
63668,4.6005
63679,4.9004
63698,-0.0994
63714,4.5024
63734,-0.0010
63755,1.2009
63776,3.1979
63792,2.3024
63808,4.4004
63825,2.9008
63845,2.6000
63865,0.3025
63877,3.9003
63908,0.3004
63921,2.3012
63936,3.1015
63948,5.6018
63980,-0.8022
63995,4.6005
64005,3.6020
64027,1.9008
64037,4.6020
64049,3.4028
64067,3.9997
64080,7.1997
64098,2.4022
64109,6.1009
64121,3.7013
64133,3.2013
64145,5.4008
64158,1.9057
64171,6.8997
64187,2.9009
64205,0.6002
64222,2.8998
64243,2.8989
64254,2.4029
64271,3.7003
64284,3.5007
64303,5.1996
64332,0.3981
64354,2.3993
64369,2.4005
64388,4.9986
64399,5.3019
64423,2.7996
64435,4.4013
64452,1.5003
64465,3.5012
64508,-1.5023
64523,3.6000
64541,1.5007
64554,4.0007
64567,7.8997
64578,3.6029
64596,2.0007
64609,4.0017
64627,0.8012
64644,4.3993
64658,3.2021
64671,4.0007
64691,2.8000
64715,0.1981
64727,5.4003
64747,3.3990
64758,6.1004
64773,2.3015
64786,6.1997
64801,0.4025
64825,-0.3994
64841,3.3019
64851,3.9005
64862,2.9019
64874,1.1063
64894,2.3990
64911,4.1993
64925,5.7996
64944,2.7991
64959,5.9995
64976,1.2018
64994,2.2022
65006,2.4028
65018,4.2013
65032,4.7996
65048,1.0009
65060,4.4008
65074,5.9991
65087,3.3007
65101,3.1006
65123,0.7988
65138,5.2995
65153,3.3025
65168,4.5995
65184,1.6029
65201,4.6008
65217,2.9004
65231,2.8016
65244,5.4017
65257,2.7017
65277,3.5000
65292,3.6010
65302,4.1020
65324,0.7993
65342,4.2982
65357,1.3030
65371,3.3011
65393,1.4993
65408,3.8995
65461,-3.5043
65472,3.1039
65488,2.6024
65500,3.4023
65514,1.0046
65527,2.5022
65547,2.5995
65564,4.3013
65584,1.5990
65602,1.5017
65620,5.4982
65639,1.3991
65658,1.5996
65674,4.0999
65692,4.4982
65709,1.7993
65732,1.7987
65744,5.9003
65763,3.5011
65777,0.1031
65799,0.9988
65816,3.6993
65832,3.1009
65845,6.2007
65861,1.4019
65876,5.0995
65898,2.2978
65912,3.5016
65923,4.4004
65940,2.1998
65956,6.2999
65969,3.7012
65980,6.3999
65996,3.6004
66009,2.7997
66027,1.0007
66039,5.1018
66063,0.3991
66074,2.9024
66098,0.5001
66123,-0.1005
66153,0.0980
66171,3.4987
66185,2.3026
66197,4.1998
66220,0.0022
66245,-0.5015
66260,3.3005
66274,5.2986
66289,3.1005
66311,-1.4982
66340,-1.6984
66363,1.7982
66375,4.9013
66389,4.2016
66402,4.7007
66412,4.3025
66431,3.5981
66447,2.6019
66460,4.5007
66474,4.0006
66490,1.8999
66508,2.5992
66520,4.8028
66539,1.3016
66559,0.6015
66574,2.8015
66591,3.8993
66603,3.6033
66615,2.7028
66632,2.4988
66647,3.1000
66660,3.0012
66671,3.4019
66683,5.6013
66694,4.6024
66706,3.5003
66721,3.1010
66738,0.2028
66748,5.8010
66763,2.5035
66781,1.0997
66804,1.2997
66819,4.3000
66832,3.0002
66845,3.9022
66856,2.6029
66874,1.7017
66890,2.6019
66919,-2.3994
66929,4.8010
66941,4.7003
66959,3.0002
66975,0.2014
66989,2.7021
67002,4.2012
67018,1.7014
67029,2.3049
67054,0.6985
67069,4.8000
67089,1.8990
67104,2.1020
67115,3.8024
67130,4.6000
67148,0.3017
67164,0.9999
67179,4.1005
67195,3.8014
67207,4.1023
67218,2.3044
67233,5.0995
67254,-1.2001
67272,2.2017
67285,3.2017
67304,4.2991
67317,3.0017
67338,1.4009
67376,-4.4003
67393,5.0993
67410,2.6998
67444,-4.0024
67462,3.4002
67476,2.8016
67489,3.9027
67508,0.1996
67525,2.2018
67535,4.1010
67549,3.1006
67564,1.4015
67576,5.3998
67593,2.4013
67608,2.3020
67623,3.1005
67643,2.6005
67665,1.9013
67679,4.0016
67690,3.4019
67704,5.5006
67726,3.1998
67750,2.2991
67762,5.4008
67779,3.6993
67800,1.9984
67811,3.1034
67822,3.6014
67835,5.1997
67854,1.5996
67863,4.3021
67878,5.7005
67892,3.6001
67906,5.2021
67924,0.8012
67939,1.6015
67952,3.1037
67966,3.0016
67992,3.3984
68003,4.8024
68012,5.3006
68027,1.1030
68046,2.8006
68064,3.7992
68079,2.1010
68093,5.0006
68110,2.7013
68121,5.3994
68135,3.0016
68151,1.4019
68162,4.1024
68176,4.2021
68189,5.4012
68206,4.6983
68219,4.0017
68230,5.4004
68242,4.9013
68254,4.9013
68280,-0.3006
68290,3.3025
68308,1.0017
68323,3.5020
68357,0.0006
68370,2.5022
68382,2.4038
68398,3.8019
68410,3.7018
68422,2.9033
68445,1.9992
68478,1.1977
68494,4.6984
68506,6.6008
68521,4.5985
68536,3.1010
68549,4.9012
68559,6.3000
68568,5.5011
68587,1.1001
68599,4.9008
68621,-1.4002
68642,1.8019
68659,3.6993
68670,2.9024
68688,3.2012
68699,3.6024
68720,2.1009
68745,0.5025
68757,4.1028
68781,2.2996
68793,4.4013
68804,3.6029
68821,3.6993
68840,3.0001
68852,4.6998
68874,0.2993
68891,3.1998
68902,2.6019
68911,3.0041
68927,4.1004
68955,0.9992
68966,1.4029
68977,4.6009
68991,2.0031
69006,2.3030
69028,1.6998
69046,2.9992
69060,2.3011
69080,3.1000
69096,1.9019
69113,1.7993
69134,2.8999
69145,5.8009
69168,1.2997
69180,3.1038
69192,2.6033
69205,2.7027
69219,3.5996
69233,5.7996
69244,3.1039
69258,4.3006
69273,3.8015
69290,2.9023
69308,1.0997
69321,3.0017
69333,3.2018
69350,2.4998
69373,0.5987
69393,2.1010
69403,4.8015
69417,3.3006
69429,2.5008
69445,3.3024
69456,4.1029
69470,6.2986
69485,-0.0980
69500,3.0025
69515,5.7990
69564,-5.8039
69575,4.6019
69585,3.3030
69596,7.0999
69607,3.9009
69621,4.3001
69637,6.0984
69664,2.1003
69684,1.5015
69698,2.1011
69711,4.5007
69727,2.8004
69739,6.3998
69753,4.2016
69768,0.9025
69781,4.4027
69793,5.4003
69839,-5.4041
69852,4.4002
69863,4.1024
69874,5.8009
69895,-0.4991
69907,4.7003
69924,2.4023
69935,3.1039
69950,5.7995
69961,4.6024
69993,-1.3002
70005,1.0038
70020,3.3015
70054,-3.8994
70070,4.8994
70082,4.6023
70096,4.0006
70114,4.1992
70138,0.7996
70153,2.8025
70165,3.9023
70179,4.0991
70194,2.5025
70208,3.3016
70221,3.0017
70233,2.9028
70254,1.1014
70266,5.4988
70277,3.1024
70288,4.6014
70300,2.7023
70316,2.6014
70335,1.6011
70347,3.4023
70359,5.1018
70369,1.6035
70388,3.7991
70402,5.9996
70418,1.9009
70438,1.3990
70455,4.4003
70465,3.8030
70481,2.4009
70493,4.1023
70508,2.7030
70519,5.6009
70539,1.9000
70553,4.2021
70587,0.5976
70604,2.2013
70618,5.2986
70635,3.9993
70651,2.6024
70663,3.4038
70679,1.2009
70694,2.8020
70715,1.1989
70727,5.9008
70741,6.1996
70751,2.8030
70764,4.4007
70792,1.4972
70802,5.3020
70818,4.8994
70834,3.3014
70853,3.0986
70866,4.2022
70881,2.8020
70893,2.4018
70912,2.1001
70929,0.8008
70949,3.5995
70962,5.1997
70978,2.2004
70999,2.3014
71025,-1.2011
71042,2.9008
71059,2.2003
71071,4.2018
71085,4.5006
71099,4.0996
71114,3.3020
71126,3.4018
71136,4.6020
71155,5.9986
71172,0.0028
71192,4.0990
71226,-1.0009
71247,2.9979
71260,4.2017
71277,2.7983
71301,1.7996
71315,3.3011
71336,2.8989
71353,3.7003
71377,-1.1004
71394,2.9018
71409,3.1000
71423,4.4016
71438,2.3035
71473,-3.1980
71485,1.5018
71511,-0.8006
71528,2.9993
71545,1.5008
71556,5.3994
71571,3.8010
71583,6.8998
71595,3.4028
71609,4.4996
71622,3.2997
71636,5.0011
71649,1.6007
71666,2.2008
71677,4.6029
71689,3.9018
71702,2.5022
71717,2.6010
71733,3.6014
71755,1.4988
71767,4.7003
71788,3.5999
71800,4.4013
71816,4.1004
71834,-0.3993
71847,3.2037
71864,1.2018
71887,0.5987
71897,4.1015
71909,2.6048
71921,4.4023
71935,3.6001
71949,3.3006
71963,2.3021
71975,3.4028
71988,2.5022
72003,4.5010
72014,4.3024
72026,4.4028
72038,2.4043
72052,3.5016
72066,6.7006
72077,4.4009
72089,5.6028
72114,3.2980
72127,5.2007
72138,5.1014
72149,5.6009
72169,0.9000
72182,4.9017
72197,3.1010
72220,-0.3998
72232,5.2008
72248,3.4014
72267,1.3006
72281,2.9036
72291,4.3005
72312,0.9014
72357,-0.5035
72375,2.2992
72398,0.3007
72413,1.9005
72429,4.1004
72441,2.7018
72452,2.6049
72464,1.2028
72486,1.7988
72499,3.2017
72509,5.5025
72524,3.8985
72537,5.4997
72563,0.8994
72575,4.6018
72587,5.1013
72603,4.1004
72615,4.6998
72631,3.2004
72641,4.8025
72653,3.1038
72667,1.6011
72694,1.1993
72709,1.8020
72723,1.5026
72742,-0.8984
72754,4.6018
72765,6.1004
72783,2.5982
72798,4.0995
72837,-1.7029
72851,4.0006
72865,1.8026
72879,2.1011
72905,-1.2011
72919,5.2006
72933,3.5011
72945,6.1008
72961,3.1999
72975,4.3006
72987,6.1998
73001,1.3026
73017,4.1009
73029,7.0998
73045,3.4004
73065,2.3990
73082,2.7008
73098,4.3994
73109,4.6024
73120,3.9009
73132,3.6033
73145,5.4007
73157,3.2018
73171,5.7001
73197,1.4004
73209,2.9023
73229,3.5990
73243,3.8011
73264,2.4979
73279,1.9010
73291,3.2008
73309,2.7992
73323,1.3026
73333,2.1035
73349,5.0999
73376,0.4978
73390,5.0011
73408,3.7982
73422,3.8016
73435,4.0002
73452,2.2013
73467,1.1025
73483,2.2009
73506,-0.9983
73523,0.5018
73537,3.3011
73550,3.5017
73564,2.8021
73580,2.1024
73592,5.4003
73605,2.9037
73616,5.6009
73653,0.6963
73663,1.5045
73676,2.7027
73692,2.8999
73708,3.8009
73727,1.1006
73742,4.5990
73753,3.4029
73774,1.9989
73793,0.9001
73803,3.8030
73820,1.7993
73840,2.8990
73856,4.8984
73872,2.6999
73891,2.1001
73901,2.6025
73913,2.6038
73928,0.1030
73940,2.1038
73957,3.4008
73971,2.8026
73988,3.6993
73999,4.4014
74021,1.7008
74052,-0.8006
74068,2.9004
74079,5.8024
74091,5.2003
74111,1.4000
74126,4.5020
74141,3.1000
74157,5.7994
74171,3.8006
74183,4.7003
74199,3.6994
74225,0.4004
74250,0.9975
74269,0.8991
74290,1.5999
74302,2.4038
74314,4.4018
74324,3.8025
74335,5.4004
74349,4.2026
74367,-1.3983
74380,4.9022
74394,3.3006
74408,3.1006
74421,4.9027
74431,4.6010
74446,1.6020
74460,4.0011
74473,1.5027
74492,4.2981
74509,2.8998
74527,3.7007
74540,2.0017
74565,4.5975
74580,4.0995
74625,-1.9025
74642,-0.2967
74662,3.0995
74676,2.0026
74695,1.3996
74708,2.8012
74726,4.6992
74739,5.0002
74766,-0.2017
74785,3.7996
74811,-3.4011
74825,1.5026
74839,4.2036
74853,7.6991
74864,4.1019
74876,2.2013
74890,6.4996
74901,2.1029
74914,3.5012
74932,3.7987
74948,2.6024
74962,2.7031
74978,2.8029
74991,3.5007
75006,6.9990
75026,2.1980
75042,3.1994
75062,-0.4970
75077,2.1015
75089,3.1038
75105,3.6994
75124,0.8996
75141,4.4003
75160,3.0006
75177,3.6998
75188,4.4014
75201,4.2012
75217,1.7014
75233,3.1004
75244,2.6039
75256,7.1008
75271,2.1010
75286,2.4010
75304,2.7987
75320,3.4004
75341,-0.5001
75356,1.1025
75377,1.8014
75391,2.8011
75404,5.9007
75417,5.0007
75443,-1.0011
75454,3.6024
75466,2.6043
75478,2.7028
75493,3.3005
75506,5.1997
75520,2.3016
75536,2.9009
75546,3.1025
75562,4.3009
75578,4.1984
75591,4.0012
75608,5.3983
75622,1.0026
75634,3.2018
75648,4.5006
75663,2.4000
75700,1.2983
75714,5.7011
75728,3.0031
75740,5.9008
75753,6.4007
75766,3.7017
75779,4.7007
75797,4.9982
75810,5.9997
75829,2.3991
75858,-0.1024
75871,3.0007
75888,0.7018
75902,6.2016
75916,2.7036
75929,2.7027
75947,2.4012
75958,3.6034
75973,2.8005
75990,4.5998
76006,2.6009
76019,3.4027
76030,0.3059
76043,2.4027
76059,2.2014
76074,5.3005
76088,3.0021
76100,4.1023
76112,2.9018
76131,2.1001
76145,3.0026
76164,2.1001
76177,3.5012
76193,3.3019
76205,6.1008
76219,3.0996
76238,0.3026
76253,4.1000
76265,6.6003
76279,4.3001
76296,3.4993
76307,3.9014
76332,0.1985
76344,4.0003
76413,-6.3034
76427,0.6011
76439,4.6023
76453,2.3021
76465,5.9003
76477,4.9018
76486,3.0046
76497,4.8999
76510,5.2002
76529,1.3006
76542,1.4047
76555,3.2017
76575,2.8005
76592,1.9998
76607,1.1030
76620,5.7007
76633,2.9032
76651,3.1997
76668,1.9998
76685,3.1998
76695,3.1025
76706,5.3024
76720,4.7021
76733,2.5012
76748,2.3020
76765,1.0003
76780,1.3040
76796,4.1009
76807,3.9009
76822,1.8020
76836,4.0001
76847,3.6029
76861,3.8001
76873,2.7018
76886,3.2032
76899,4.5002
76913,6.7006
76994,-10.6056
77007,3.9022
77028,1.1999
77044,7.9984
77068,0.5996
77082,2.3026
77095,5.4012
77105,2.1025
77116,3.1029
77126,3.1030
77139,3.2017
77151,3.4023
77161,3.6020
77173,4.1033
77185,3.4028
77201,4.0999
77223,-0.2002
77236,4.2017
77251,0.9015
77270,0.6006
77284,2.5026
77297,4.9012
77320,0.3002
77332,3.9023
77349,3.4988
77365,2.8999
77377,3.1048
77392,1.1020
77417,-0.8005
77429,3.6038
77442,4.7007
77454,4.1018
77470,3.4004
77480,3.4020
77498,4.4982
77508,3.8040
77525,1.5013
77543,1.6002
77557,4.7006
77568,2.6034
77582,6.4001
77600,0.7027
77614,2.8016
77626,6.8988
77639,5.6997
77649,4.8010
77664,3.6005
77675,3.6024
77689,3.8001
77701,5.6013
77711,3.5040
77745,-1.4009
77757,4.2008
77773,2.4014
77792,1.2026
77806,5.2996
77818,4.9013
77830,4.6033
77841,5.1009
77854,2.0027
77876,0.9988
77889,6.6997
77903,5.0016
77983,-11.8055
77995,3.7018
78029,0.7976
78044,3.3010
78075,0.3989
78085,5.3015
78103,1.0012
78113,4.6020
78129,4.3994
78141,3.4023
78153,6.1013
78164,4.1029
78175,2.6044
78189,2.7031
78209,2.1980
78225,3.8999
78239,2.8006
78250,2.4034
78263,2.6047
78274,5.8009
78287,2.2027
78300,4.5002
78316,2.3019
78336,1.8015
78357,5.3979
78370,3.9032
78382,5.4018
78395,3.3002
78423,-2.7978
78437,5.0001
78451,5.9991
78465,5.2006
78476,6.6009
78489,2.4037
78528,-0.5019
78542,2.1011
78561,0.5021
78582,2.1984
78597,4.1005
78611,2.8016
78622,4.6024
78635,4.7012
78647,3.0003
78659,2.3053
78688,-2.0019
78707,2.0991
78721,4.2996
78733,4.4013
78751,2.0002
78762,3.4014
78776,2.5026
78794,2.0992
78810,1.6999
78826,4.3009
78836,4.8020
78849,4.0012
78861,4.4028
78880,2.0996
78891,4.8019
78905,2.5021
78922,3.4013
78934,3.7008
78954,3.8000
78970,1.0009
78981,5.3024
79010,-1.6984
79020,2.3030
79038,2.3002
79055,2.4023
79067,3.2008
79082,6.9995
79098,3.4004
79120,0.9018
79131,3.4019
79147,2.2004
79160,4.4017
79171,3.2014
79190,3.7011
79201,5.6989
79217,4.3014
79229,5.9003
79241,3.0003
79253,4.8043
79265,2.9028
79278,3.2022
79298,2.1000
79311,3.7012
79331,2.3990
79342,3.9004
79353,3.6029
79368,7.6990
79384,2.1024
79397,4.9017
79408,4.9009
79440,-1.0007
79455,2.5040
79467,3.7008
79484,2.0008
79503,0.6011
79516,2.2027
79531,2.3020
79546,2.6000
79558,3.1038
79574,2.9004
79587,3.5012
79602,3.3010
79612,3.8010
79626,0.6026
79639,2.0027
79654,1.4015
79665,2.1044
79681,1.2024
79683,0.2998
79700,2.4993
79713,3.2037
79726,3.4027
79737,3.6039
79751,5.7006
79761,2.3040
79778,3.8998
79790,5.1013
79802,5.4013
79813,4.3029
79830,2.0003
79842,4.6018
79859,4.8993
79879,1.8015
79892,4.9992
79909,2.2003
79924,2.8020
79935,4.4014
79951,2.5029
79986,-0.9015
79999,5.4997
80011,3.7018
80028,-0.0967
80041,2.0032
80056,4.3010
80075,2.8006
80104,0.5986
80116,2.9018
80130,5.5006
80147,2.7003
80157,3.6020
80170,5.9002
80182,1.2033
80199,2.6028
80221,1.7988
80237,4.5994
80251,4.0016
80262,6.6009
80276,4.0016
80288,4.4028
80298,3.3025
80309,5.6009
80347,-1.7023
80362,5.3005
80381,3.5991
80392,4.6019
80406,3.0031
80418,4.4013
80433,3.6010
80446,3.5012
80459,5.7007
80473,3.0016
80492,2.3981
80508,3.8024
80521,5.6997
80535,6.0001
80548,2.7027
80560,4.9003
80571,4.1024
80581,2.6030
80597,3.8999
80619,2.6993
80634,4.0995
80644,5.1010
80657,3.9027
80671,2.3016
80685,2.5031
80699,5.0006
80711,6.1993
80721,3.5035
80732,6.1009
80745,5.6997
80764,3.5991
80776,3.9023
80788,3.9023
80801,4.7012
80821,-1.0000
80836,3.1010
80848,3.2018
80863,2.6005
80877,1.5031
80899,3.8983
80912,5.2017
80928,0.1034
80940,3.9013
80956,2.8999
80986,-1.1010
81001,0.4025
81021,1.8985
81035,2.0026
81046,8.0989
81058,5.2008
81075,3.8013
81100,1.7995
81118,3.4997
81137,1.6011
81153,1.0004
81172,2.2016
81187,2.4005
81199,3.7018
81217,7.3992
81230,2.3012
81246,3.8999
81278,-0.8002
81293,2.1015
81306,4.7012
81321,4.0990
81338,5.1008
81349,3.1039
81374,2.0990
81385,2.6049
81402,4.8993
81413,2.9024
81431,1.5012
81445,4.9996
81467,1.4993
81476,4.1001
81490,3.3001
81508,1.2042
81526,1.5002
81536,3.0045
81553,0.5018
81571,3.0002
81598,1.4983
81611,4.9012
81635,1.2991
81646,6.6009
81657,5.6004
81667,5.8020
81680,3.5012
81700,0.4005
81718,3.5002
81733,2.6015
81748,5.8000
81768,0.6990
81782,4.3001
81802,1.6005
81814,2.7023
81833,4.2991
81847,2.1011
81862,3.6015
81879,2.1023
81893,3.3006
81905,3.0003
81923,3.9992
81939,5.5984
81951,2.9028
81966,4.1005
81987,3.7994
82003,4.1984
82019,4.0994
82039,0.8995
82058,3.0981
82072,1.1016
82085,4.1032
82102,0.2028
82118,1.9994
82135,4.1993
82147,4.4013
82159,3.4013
82171,4.1033
82182,4.1029
82197,2.8030
82211,1.8021
82227,2.3024
82241,4.9996
82254,3.5002
82265,6.8014
82276,3.6024
82294,4.1997
82307,3.9022
82321,3.0011
82332,4.3019
82351,1.3986
82363,2.9033
82374,5.6014
82386,3.6033
82402,3.2004
82418,3.6004
82434,2.4014
82445,4.6019
82456,4.8999
82470,5.5006
82482,1.9033
82495,3.4022
82506,3.1029
82516,5.3015
82527,4.3014
82538,4.6019
82551,2.7032
82563,4.1028
82574,4.1019
82585,4.6014
82599,2.8021
82642,-2.4033
82657,3.5035
82672,0.7015
82685,5.1017
82696,4.4009
82707,3.1024
82721,4.0016
82735,6.2001
82746,2.4024
82764,1.5017
82774,3.3035
82789,1.1025
82805,0.4029
82822,2.2013
82833,6.0999
82850,3.1998
82868,3.9012
82879,3.4014
82895,5.0994
82918,1.7017
82930,7.0993
82949,3.2991
82958,3.8026
82973,6.0010
82986,4.6997
82997,5.3024
83012,2.6015
83025,1.8027
83037,5.6013
83047,3.3030
83058,4.4014
83070,5.6008
83081,4.3999
83094,1.9037
83104,4.3020
83119,3.6000
83135,3.6989
83153,1.9022
83165,4.4023
83176,3.9014
83190,3.5011
83204,4.2011
83214,3.8020
83227,6.3997
83239,4.4013
83253,2.8026
83265,1.6053
83276,3.8029
83289,5.6022
83302,4.7017
83310,3.5032
83332,1.9988
83346,3.5006
83359,6.9002
83371,5.9008
83384,2.8012
83399,5.0005
83411,4.2013
83422,2.3044
83436,3.5011
83449,3.0012
83462,5.9012
83477,-0.8970
83493,4.4004
83506,5.0007
83516,2.6030
83528,5.2003
83545,4.8993
83559,3.3011
83573,4.2996
83589,3.8019
83609,4.5980
83621,2.4033
83636,3.5025
83648,2.6048
83661,3.7007
83679,1.8002
83690,4.1024
83708,1.5022
83719,6.8989
83733,4.0016
83745,4.7003
83760,5.0010
83772,4.9008
83791,1.3991
83808,3.4003
83820,6.6008
83830,3.1025
83844,3.3011
83858,3.8006
83873,5.8000
83886,4.4997
83905,2.7996
83921,4.8989
83934,5.7007
83947,3.2027
83958,4.1019
83968,4.8030
83980,2.7023
83995,1.6035
84007,3.9023
84019,2.4043
84034,3.8010
84055,1.3024
84068,5.4987
84081,1.0042
84096,5.7995
84108,3.9008
84123,2.4000
84134,4.8034
84216,-10.3072
84226,6.0995
84239,2.9037
84253,4.5016
84266,4.7007
84277,7.0999
84296,0.8996
84314,2.7992
84330,3.4004
84343,4.4017
84354,7.5999
84366,5.6008
84383,1.3003
84402,4.0001
84416,2.5026
84437,2.6989
84456,3.7991
84471,4.3010
84501,0.0985
84516,3.1000
84530,6.2986
84544,2.8006
84557,3.7022
84570,3.5007
84580,-0.1010
84592,4.2018
84603,5.3029
84618,2.0025
84632,4.2026
84643,3.6024
84657,5.5001
84670,5.7002
84683,5.4017
84692,5.5006
84704,3.9018
84716,4.4023
84727,4.6029
84745,1.8012
84758,3.9032
84768,2.8045
84777,2.3031
84792,3.0040
84808,2.2009
84821,5.2007
84833,3.7018
84847,3.5016
84870,1.7982
84886,1.7004
84899,1.7027
84966,-6.6042
85012,-3.1031
85025,3.7992
85048,-1.8988
85067,2.3001
85079,5.4008
85091,2.7013
85105,3.4036
85120,2.3025
85133,3.5007
85149,4.3999
85161,5.8998
85176,7.4995
85204,-0.5003
85217,5.9007
85234,2.2018
85250,4.1009
85265,2.3015
85279,3.7996
85300,1.4004
85313,2.5017
85326,3.7997
85338,3.3043
85351,4.0012
85365,3.0021
85377,3.6998
85394,3.1993
85410,0.6044
85423,4.7012
85436,6.4002
85455,1.5991
85469,4.0006
85483,4.8001
85494,2.4029
85510,1.6034
85522,6.8993
85534,2.9033
85546,4.9013
85558,3.1033
85576,0.8017
85594,3.4992
85608,5.6996
85622,4.2996
85638,3.0049
85657,3.7986
85670,4.2012
85680,3.3040
85690,3.6020
85703,4.2002
85715,4.9013
85725,3.6025
85741,3.6014
85757,4.1009
85768,3.1024
85778,1.6040
85793,4.5015
85805,3.5008
85820,2.5035
85832,3.2008
85854,2.4988
85866,3.6043
85877,3.8029
85891,4.5006
85908,1.9993
85920,4.6023
85933,1.0022
85998,-7.3055
86019,1.8994
86035,4.5999
86051,3.3014
86061,4.3025
86071,2.8035
86086,5.7995
86099,7.6987
86113,1.5031
86124,5.1019
86136,3.6023
86158,0.2993
86171,3.7012
86185,2.8011
86198,5.4012
86211,4.2022
86224,5.9997
86237,3.6027
86247,2.6030
86258,5.8029
86273,6.7990
86285,2.2023
86301,3.6009
86314,5.8997
86331,2.5003
86344,4.2017
86439,-13.4060
86455,1.9999
86475,5.2985
86490,3.1010
86503,4.7012
86518,3.6000
86528,4.8010
86541,1.0047
86562,1.6984
86573,6.1009
86586,4.0002
86600,2.3021
86612,4.2003
86629,3.4013
86646,3.0003
86656,5.5030
86669,5.1997
86682,3.4017
86695,2.2027
86709,3.8001
86769,-7.2010
86786,0.7998
86801,4.1000
86815,3.0021
86834,4.0981
86850,4.0999
86861,4.6014
86872,4.1024
86887,2.1020
86904,5.1003
86917,4.5007
86931,3.3016
86944,4.9017
86962,4.9992
86976,3.8016
86987,5.4009
86998,3.1024
87014,4.6004
87029,4.3985
87047,2.0017
87062,4.8000
87075,6.6997
87086,3.9004
87102,3.3999
87116,6.6996
87129,3.5007
87155,-1.4026
87170,4.7010
87189,0.6991
87201,4.4018
87214,3.7017
87226,3.7013
87238,3.9018
87258,1.8990
87272,2.8011
87284,3.7008
87297,3.4022
87310,3.5017
87329,5.6986
87344,2.4015
87356,3.9008
87366,2.6040
87381,4.8015
87390,4.3016
87403,3.7027
87418,0.3035
87434,2.3024
87447,2.8012
87461,3.0026
87474,3.2022
87486,4.4008
87504,1.8007
87521,4.1993
87535,3.5996
87547,2.6043
87562,5.5995
87574,4.4023
87592,0.3012
87603,3.6034
87620,3.2008
87630,4.1020
87639,3.0046
87651,7.3998
87663,3.2023
87674,3.6029
87685,3.8029
87702,3.3998
87717,2.8015
87727,1.6040
87744,5.1008
87755,3.4019
87770,6.4995
87802,-0.0032
87812,2.8040
87827,3.8000
87840,4.5002
87852,3.1033
87944,-10.1082
87958,1.9001
87988,-0.6025
88010,0.0003
88023,4.4992
88040,3.6993
88057,2.2018
88070,5.4012
88082,3.9013
88098,3.6009
88110,4.1028
88124,3.5016
88135,5.6014
88151,3.4004
88163,3.4033
88178,4.3010
88193,4.3010
88213,2.1000
88228,5.3005
88244,3.8014
88256,4.7003
88270,2.2031
88295,-1.7995
88316,-0.0006
88328,5.4008
88342,6.7986
88355,3.4022
88367,7.3998
88383,3.3994
88400,1.5003
88414,3.0031
88426,5.6988
88440,5.4011
88453,3.5002
88468,3.6005
88480,3.9018
88495,4.0015
88536,-2.4011
88550,1.8036
88565,3.8010
88576,2.4034
88591,1.8025
88655,-8.9034
88669,3.7016
88680,2.9019
88692,6.1018
88705,4.0007
88725,2.1005
88744,3.2996
88757,4.9992
88768,2.2019
88779,4.3034
88790,3.4029
88807,3.4003
88825,3.6992
88843,3.2017
88861,1.8007
88872,4.8999
88884,4.0003
88899,1.9005
88911,1.9023
88929,1.7017
88948,1.8006
88964,3.6004
88976,4.1993
88989,2.4037
89019,1.5985
89036,2.2003
89049,2.7027
89062,4.7012
89076,5.2016
89093,5.3993
89117,2.5976
89131,4.0006
89148,3.8023
89169,1.4004
89184,4.6000
89200,3.1989
89219,3.0991
89237,3.2017
89257,1.6985
89272,3.8020
89287,4.5995
89301,5.0001
89314,3.2022
89342,-1.4008
89367,1.1985
89383,3.8994
89403,2.8990
89416,4.2007
89443,1.4978
89470,2.6973
89485,2.4015
89502,2.2013
89518,1.6029
89532,4.3001
89552,4.3980
89563,8.5989
89573,3.3020
89587,2.5026
89602,3.0025
89614,5.9008
89625,5.1019
89636,2.4029
89656,1.0030
89665,4.5026
89678,5.7002
89696,4.6992
89708,2.9028
89720,3.8033
89733,4.2012
89744,2.1029
89762,2.0002
89775,4.7012
89791,0.7994
89808,1.7023
89820,4.4018
89831,3.1039
89847,2.0004
89871,-1.3989
89884,3.2007
89895,3.4024
89913,1.0017
89927,2.8011
89942,0.3040
89955,3.0007
89965,4.1020
89976,4.6019
89987,4.4019
89999,4.4018
90041,-1.1017
90056,3.6010
90069,4.4007
90080,3.6024
90094,2.1011
90112,1.6042
90126,3.7031
90141,3.8015
90152,5.4004
90171,1.5991
90193,-0.6997
90208,1.3035
90219,4.6019
90234,1.8030
90288,-6.4024
90302,3.2031
90319,0.2018
90335,6.2994
90347,4.4018
90357,5.6010
90371,4.7996
90384,2.7027
90397,3.7022
90419,1.6993
90436,0.4033
90455,1.6001
90471,1.6024
90495,-2.2014
90511,4.1004
90521,5.1000
90533,4.8998
90549,4.5999
90564,3.8020
90578,0.0036
90597,2.5986
90638,-2.1031
90649,3.3034
90662,3.2032
90675,6.6007
90686,5.1019
90705,4.2981
90718,5.4012
90732,4.7016
90744,3.1038
90758,2.7026
90778,1.1990
90792,6.1996
90807,2.6010
90821,0.8041
90844,0.5992
90855,3.9019
90869,5.4021
90885,5.8984
90897,3.2018
90910,6.2007
90922,4.2008
90935,3.2017
90947,5.6008
90963,3.2004
90981,3.2002
90994,4.0002
91005,3.5049
91020,5.2995
91042,1.2003
91052,6.3010
91065,3.7017
91082,0.3008
91098,3.1009
91117,1.3991
91136,0.8001
91153,3.6988
91171,2.0987
91184,1.9047
91203,2.2996
91227,-0.3014
91242,2.6010
91264,-0.6997
91278,2.0046
91291,2.7022
91305,2.0016
91318,3.2032
91359,-0.6021
91372,5.2012
91385,4.6022
91397,2.4028
91407,5.3020
91421,5.9996
91435,4.7996
91449,0.9011
91470,2.3989
91485,4.0010
91497,2.6038
91517,0.2005
91531,4.0016
91546,2.1020
91560,5.5001
91574,0.4016
91591,0.9013
91606,2.9000
91619,5.2007
91631,3.7003
91641,3.1030
91655,4.2996
91671,5.3004
91684,5.0007
91697,1.5022
91709,4.6038
91721,2.6038
91736,5.0995
91747,4.1029
91757,2.6030
91772,3.5015
91784,6.4008
91794,5.1005
91808,2.5031
91819,6.3004
91831,0.6048
91844,2.3002
91859,3.6000
91889,-0.1025
91902,3.7997
91920,2.9997
91933,2.2027
91949,4.3994
91962,6.4002
91977,5.0995
91993,4.6004
92004,3.9009
92019,2.1010
92032,6.8997
92043,4.6009
92055,4.9013
92066,6.7994
92078,4.9013
92091,5.9992
92103,3.4028
92112,2.6016
92126,4.3006
92140,3.3006
92156,4.3994
92168,4.6018
92182,1.0046
92194,3.9023
92254,-6.1050
92277,2.2987
92290,2.4037
92301,3.6029
92317,4.3014
92328,2.4024
92344,3.6004
92355,3.6024
92369,4.0011
92379,2.3050
92393,2.0026
92406,5.0007
92426,2.8005
92438,4.1028
92452,5.5006
92464,4.7008
92477,5.6997
92490,3.4032
92501,5.6004
92518,4.1998
92529,1.6039
92540,2.4039
92554,2.7021
92567,2.0032
92578,5.1019
92589,5.1999
92607,3.2982
92668,-7.1021
92678,1.1035
92694,4.6009
92708,4.8001
92733,2.3985
92748,3.5010
92765,2.2018
92777,4.1013
92792,2.2005
92805,7.3997
92816,5.8019
92834,3.7987
92845,3.4994
92860,1.6020
92877,4.6003
92898,0.0009
92909,5.3024
92921,3.9998
92932,3.3039
92944,3.4028
92960,1.7004
92974,2.8991
92990,4.3989
93007,4.5998
93018,2.6034
93030,5.4008
93045,1.1020
93055,4.8015
93091,-2.8011
93104,3.9022
93116,1.1053
93128,5.8998
93145,7.3983
93155,3.8030
93174,-1.2999
93187,1.0022
93202,3.1985
93215,2.5012
93228,5.6012
93241,3.0017
93256,1.8015
93270,1.5026
93283,5.2002
93293,5.5015
93314,-0.2996
93327,1.5027
93340,6.1997
93353,0.3032
93368,3.1010
93380,4.2008
93391,2.9019
93406,3.1010
93444,0.1982
93458,2.3021
93473,3.1015
93493,3.5985
93505,5.2003
93520,3.3010
93531,5.8009
93542,2.4024
93553,2.4024
93569,1.9009
93579,5.8010
93595,-0.4981
93606,3.1034
93620,4.2016
93634,5.2011
93648,4.5001
93662,3.2026
93673,3.1024
93686,2.0027
93699,2.8007
93726,1.4013
93736,3.3040
93751,1.1030
93764,4.9997
93777,2.0027
93790,2.5012
93808,1.5022
93820,1.9038
93839,0.6011
93850,2.4029
93865,4.5020
93875,2.1035
93889,5.4016
93905,2.6994
93916,4.6019
93929,3.4027
93940,3.1029
93951,3.1029
93961,4.5030
93974,5.4992
93987,5.1997
94001,4.0021
94012,2.4039
94032,4.2990
94046,3.7036
94059,5.4012
94079,0.6990
94115,-1.3026
94144,1.2991
94157,2.0022
94173,3.8994
94186,4.9992
94198,4.9013
94211,2.2047
94224,5.1997
94238,3.4996
94249,5.8999
94263,6.2006
94276,3.2022
94286,5.3015
94308,0.9993
94318,4.8015
94333,3.1005
94349,3.6004
94361,4.9008
94376,5.5985
94386,4.8020
94400,5.9996
94411,5.8009
94426,5.5000
94438,3.2023
94453,4.3010
94466,2.5017
94483,1.2018
94496,5.4992
94511,2.4000
94529,2.7002
94543,3.3011
94556,3.7017
94568,4.6028
94578,4.3020
94592,1.6011
94606,5.7006
94621,4.8015
94633,4.1023
94645,3.6023
94656,3.6024
94664,6.0012
94679,4.1005
94690,1.8064
94707,3.6993
94722,1.7000
94739,1.5008
94751,2.6043
94766,6.0985
94782,3.8999
94791,2.8031
94807,3.7024
94819,5.4003
94833,3.0031
94847,4.0996
94861,3.2031
94875,2.6006
94976,-15.6051
94986,3.6025
94998,3.6023
95016,4.4002
95028,6.3998
95043,5.3000
95054,5.6004
95065,4.6019
95077,0.7048
95088,4.6029
95109,2.5999
95122,2.2032
95142,-1.3975
95155,3.9012
95167,3.9023
95182,3.6005
95203,1.2004
95218,1.7005
95237,3.0006
95261,1.0991
95277,2.6019
95291,1.8021
95301,4.0030
95313,3.7013
95327,3.3006
95343,3.4004
95355,3.6028
95368,5.0007
95408,-1.7005
95419,4.1014
95438,2.8981
95456,2.7012
95473,3.1998
95487,4.2996
95501,3.0011
95519,1.5997
95531,6.1013
95547,3.9004
95562,5.5015
95576,1.8031
95591,4.3000
95604,6.3997
95619,1.1025
95647,-0.9988
95731,-10.2064
95746,2.6005
95765,4.9991
95787,-1.1997
95798,3.6024
95809,8.7999
95823,3.2026
95837,3.7011
95854,1.5013
95873,0.5021
95904,-0.8001
95917,4.4012
95937,-1.0975
95953,4.9999
95975,2.9978
95991,3.1009
96003,3.7018
96014,4.1019
96025,3.1034
96035,4.8015
96047,2.9028
96063,5.1004
96077,2.0036
96089,5.9008
96101,4.4023
96114,5.4997
96126,5.4008
96161,-1.1020
96171,4.6010
96184,3.2032
96203,1.5996
96216,4.4992
96236,1.3025
96255,0.1996
96270,3.3995
96284,6.0006
96295,7.0999
96310,3.3010
96356,-2.9016
96365,5.0021
96382,3.2003
96399,3.2003
96413,5.0001
96427,6.4996
96444,1.0018
96457,3.0017
96472,3.6010
96487,2.8020
96497,7.0005
96510,4.1022
96525,4.5990
96539,4.7006
96551,2.9998
96563,5.4018
96575,4.2003
96590,5.2995
96603,5.6997
96616,4.0012
96627,5.8004
96653,0.8994
96673,0.3995
96684,4.3024
96702,3.4002
96712,2.1030
96724,4.9008
96742,4.4982
96760,3.9992
96781,1.6989
96795,4.7986
96809,2.8016
96820,5.6009
96831,7.7999
96856,1.5995
96869,0.5027
96884,2.3025
96894,6.5010
96908,6.7006
96922,3.8001
96939,4.1008
96948,5.8011
96961,5.2017
96973,3.4998
96989,3.6009
97001,4.9018
97011,3.1020
97026,0.9025
97072,-4.9006
97084,4.4023
97106,1.9008
97119,3.5017
97129,3.3040
97143,2.6011
97156,5.1032
97178,2.1998
97205,0.9003
97219,2.7026
97231,3.9013
97247,3.8989
97259,5.4988
97272,6.4002
97285,5.2017
97297,3.7008
97326,1.0976
97344,3.4987
97357,3.3007
97370,3.2017
97385,5.3000
97398,2.5017
97410,2.9033
97421,4.4009
97444,0.5007
97457,2.0017
97470,3.2032
97489,0.6991
97505,5.1004
97522,5.3993
97537,4.5995
97548,2.4024
97560,4.1028
97572,4.6028
97587,3.4005
97600,2.2027
97614,2.6001
97626,5.9003
97664,-2.7008
97675,6.8004
97689,3.3006
97704,3.6005
97717,4.5002
97733,4.6004
97754,0.4014
97769,0.8030
97796,-0.7997
97807,5.6004
97823,5.8984
97836,2.8017
97849,4.2012
97858,1.8041
97872,3.0016
97884,5.6013
97896,3.9023
97911,4.3985
97933,-0.3982
97946,3.2022
97958,4.4023
97969,4.9004
97984,2.1995
98002,1.5992
98018,3.6014
98031,5.0002
98043,4.9008
98055,4.2018
98067,7.0993
98088,1.8999
98101,3.4037
98111,3.8035
98124,3.0022
98139,4.6000
98155,6.0994
98180,0.8020
98192,5.6998
98207,7.2010
98224,0.5993
98239,6.2005
98250,6.1004
98263,4.5007
98281,3.2002
98314,-0.7013
98327,4.2012
98343,3.3999
98356,4.4037
98368,2.9033
98400,0.1993
98408,3.8022
98420,3.9018
98433,5.4007
98445,5.4013
98464,3.8001
98474,3.8025
98484,5.1005
98501,1.5013
98511,2.6030
98533,2.1983
98554,4.7989
98565,3.6034
98591,-0.5006
98603,5.9008
98613,6.8000
98625,4.9018
98640,5.3000
98651,5.6014
98663,4.7008
98676,3.2017
98688,4.1028
98703,3.3995
98723,2.3990
98742,2.0016
98751,3.6011
98766,3.1015
98778,3.2013
98796,1.2017
98825,2.4991
98835,3.3035
98844,2.8026
98860,4.6009
98875,2.4000
98887,4.4008
98899,3.7003
98910,3.6034
98922,5.4013
98933,5.6004
98944,7.0999
98958,3.8011
98971,2.5027
98983,8.3988
99002,1.6001
99021,3.2991
99037,2.6984
99052,3.3015
99062,3.5040
99079,1.8003
99093,4.7011
99104,5.8994
99116,6.5998
99127,4.1029
99139,4.9013
99151,4.6023
99163,2.7023
99178,4.3005
99191,4.7012
99205,1.7046
99216,5.6014
99227,3.9019
99238,5.1009
99250,5.3033
99277,-0.2007
99298,1.6994
99307,5.5021
99320,4.2022
99331,3.6034
99344,2.0017
99365,2.1004
99376,4.1019
99388,3.2013
99403,2.3030
99413,5.8005
99424,5.1019
99436,2.9038
99448,2.3043
99459,4.6019
99471,5.9003
99489,2.0012
99500,2.6039
99517,3.2003
99527,4.0045
99539,3.4018
99552,5.6017
99564,4.4018
99576,4.9008
99587,5.6014
99601,6.2006
99614,4.0017
99626,3.2018
99642,2.8999
99659,0.4038
99672,4.2012
99687,4.0990
99701,2.8016
99717,3.1009
99738,-0.2991
99751,5.9002
99764,2.5017
99777,3.0022
99793,4.3009
99804,4.6024
99813,3.8031
99828,2.1990
99843,4.7020
99855,5.3993
99865,4.1020
99879,6.2986
99890,4.8029
99903,4.7007
99922,3.5001
99946,-0.1994
99958,4.6018
99970,6.6008
99982,4.2008
99996,4.4026
100006,5.5015
100021,6.2995
100033,4.7003
100048,4.2010
100063,2.6020
100074,5.6009
100089,2.6020
100102,5.1997
100115,3.2017
100129,1.8021
100141,4.4028
100155,5.0001
100166,3.6034
100179,3.0027
100200,2.6979
100210,4.8020
100219,5.0016
100230,3.2014
100247,3.4993
100263,1.6019
100283,2.8010
100294,3.6024
100310,2.6014
100323,2.7022
100333,7.0010
100346,4.0012
100359,2.2032
100379,3.3005
100392,4.9027
100406,3.1006
100418,3.7008
100462,-4.0009
100479,4.8998
100489,4.8025
100500,5.6004
100512,6.4008
100522,4.6010
100534,3.9008
100544,4.6015
100557,1.7022
100572,6.0010
100584,2.6038
100598,5.2001
100616,-0.1983
100629,5.9012
100644,1.8025
100656,2.7023
100665,3.5036
100679,5.0006
100690,4.3024
100702,3.6028
100713,2.6024
100741,0.9992
100757,4.3994
100769,6.6008
100782,4.9017
100794,2.4043
100811,3.0003
100827,3.5999
100838,4.1019
100848,5.3015
100860,2.7028
100871,4.6019
100883,5.2003
100895,5.6008
100910,3.6015
100923,4.9992
100937,3.5011
100950,5.6997
100967,0.8008
100981,5.2016
101000,1.8011
101018,2.9012
101033,3.3020
101047,3.3011
101059,4.9008
101080,1.6984
101098,3.0002
101112,3.5011
101127,2.3025
101173,-5.3016
101187,4.5016
101205,2.7992
101219,2.0036
101231,3.9028
101263,-1.5002
101276,6.4002
101287,6.5999
101301,5.0001
101317,2.9009
101329,2.4038
101344,4.8000
101355,2.9024
101369,4.0011
101380,3.8029
101391,3.1034
101403,5.4008
101416,3.2027
101432,2.8019
101445,4.0007
101456,4.1019
101465,5.5021
101479,5.7996
101491,2.4043
101504,3.2032
101517,5.2012
101534,1.7018
101544,3.6025
101559,3.8000
101571,6.3998
101582,7.3004
101593,5.6014
101611,-0.8983
101625,4.7016
101644,1.3011
101658,4.0011
101670,4.2008
101685,5.7995
101698,4.5007
101712,4.4036
101723,4.9004
101739,5.5994
101754,0.2015
101780,-0.3006
101794,6.4991
101812,2.5982
101824,2.1053
101838,4.2006
101851,5.4997
101864,3.3007
101884,3.3000
101901,2.6998
101912,2.9024
101927,3.7020
101939,2.7013
101957,1.0012
101976,2.5996
101990,4.5011
102000,5.3015
102014,4.5011
102025,3.1034
102036,2.9019
102050,2.7021
102062,5.6998
102079,1.5008
102098,4.2991
102110,4.4018
102125,2.0030
102137,3.6038
102151,1.0041
102163,3.1048
102176,1.2047
102195,1.8011
102207,4.6028
102219,4.1028
102237,2.5012
102249,4.2013
102270,2.8989
102284,1.6011
102298,4.0021
102312,5.0006
102326,6.2006
102341,0.4025
102354,4.2022
102387,-0.2993
102398,4.3034
102410,4.2008
102428,1.5012
102442,4.5011
102453,3.6029
102466,4.4017
102480,3.0996
102493,3.2027
102503,3.8035
102514,6.1009
102530,1.4014
102547,2.7993
102560,4.7017
102572,4.1028
102584,4.4013
102599,4.5995
102611,6.1013
102623,2.1043
102640,4.3998
102652,4.9013
102664,3.9018
102675,3.8049
102685,4.6015
102699,7.3996
102709,5.3020
102720,3.1029
102737,1.7993
102750,3.2037
102761,4.6024
102771,3.1015
102804,-1.4993
102817,4.4017
102832,4.8000
102843,6.8989
102858,2.3030
102914,-4.1041
102926,2.9018
102938,3.9028
102951,2.5997
102968,3.2003
102981,6.9007
102993,5.4018
103010,3.2983
103022,2.3053
103037,3.1005
103048,3.6029
103063,2.9000
103076,3.4027
103090,6.2001
103109,0.1996
103122,6.2007
103135,5.2007
103148,3.4032
103160,6.4003
103175,3.6000
103189,3.8011
103208,2.0011
103219,5.4009
103239,2.5985
103248,4.5026
103262,5.2006
103274,2.9018
103287,3.7012
103298,4.4009
103317,2.2996
103327,4.8025
103342,3.1000
103354,4.3998
103365,2.9024
103382,2.2018
103401,1.8991
103413,3.4023
103429,2.6004
103445,1.7009
103459,2.3006
103476,3.7003
103487,3.4004
103501,2.8016
103517,3.9004
103529,1.7023
103542,2.7027
103553,2.8039
103568,5.5985
103581,3.6027
103591,4.3025
103604,1.2047
103615,1.9034
103629,4.0011
103642,7.1987
103656,2.3021
103671,3.1015
103681,3.6020
103696,2.9000
103711,4.0010
103728,3.9988
103746,3.2017
103757,4.6019
103776,-0.2999
103788,6.8013
103799,6.0999
103812,4.0007
103824,5.1013
103838,3.8011
103854,2.4014
103871,2.4008
103882,4.6019
103894,4.4008
103908,3.0006
103926,2.7997
103936,2.3045
103947,4.4014
103976,0.4986
103996,-0.2995
104013,-0.2972
104028,4.6000
104038,3.0060
104051,3.7022
104062,4.1029
104073,6.6009
104087,5.0011
104101,2.5021
104111,5.8020
104124,5.4992
104135,3.6014
104154,-0.1979
104167,4.2027
104179,3.1033
104194,5.3005
104206,4.4003
104218,6.1993
104232,2.8011
104247,3.3995
104259,4.4003
104277,0.6007
104293,1.4014
104309,5.2994
104324,3.3020
104337,4.2007
104351,0.6026
104374,-0.8998
104387,2.5017
104398,5.6004
104408,4.6000
104422,6.9986
104438,2.4014
104461,1.5002
104474,3.7992
104491,4.4003
104503,4.4023
104516,2.9037
104527,4.9004
104541,5.2016
104557,3.6019
104572,3.1010
104586,2.8011
104599,4.0007
104613,4.4031
104625,3.9023
104635,4.8025
104646,2.9024
104661,4.0015
104678,2.0008
104691,3.5017
104709,2.5007
104721,3.6028
104732,2.8044
104745,4.9022
104761,3.4004
104773,3.2018
104789,3.3024
104799,5.0035
104809,2.6035
104823,3.8016
104837,6.6991
104855,2.9992
104866,5.8014
104882,3.6009
104898,2.4009
104911,6.3997
104924,1.8022
104936,4.4013
104948,2.4038
104958,2.0060
104974,1.0014
104992,2.2017
105005,4.5007
105017,5.4013
105028,5.1009
105044,1.1029
105054,5.6010
105065,4.9009
105078,6.4007
105087,4.6006
105101,3.4026
105117,2.4984
105132,3.6015
105149,4.4003
105163,6.6996
105175,5.6008
105186,3.1034
105198,4.9013
105208,4.1020
105220,5.6013
105230,3.8025
105240,3.5040
105253,3.8007
105265,5.1028
105275,3.9010
105291,3.3029
105304,7.4007
105322,2.5007
105330,2.8032
105348,0.8002
105365,2.1023
105385,0.1010
105395,6.3010
105408,5.4012
105420,5.4018
105433,4.9012
105443,3.6020
105457,3.5021
105471,2.7036
105483,4.2008
105501,3.0002
105511,3.1010
105527,7.7994
105547,0.8025
105561,1.9001
105577,3.6014
105589,7.1008
105600,2.6034
105615,4.1005
105626,5.6019
105637,3.6024
105648,6.1004
105664,3.4009
105679,4.3005
105776,-10.3097
105788,3.4018
105800,4.7008
105814,1.3021
105826,2.9028
105836,5.6000
105855,2.1001
105867,3.0013
105882,5.2010
105898,2.9009
105909,4.6024
105922,3.4027
105937,1.8025
105947,5.8020
105962,4.1005
105975,1.5022
105985,6.0030
106002,2.9993
106015,1.6052
106025,4.8020
106042,1.9998
106056,3.0021
106072,4.3009
106084,6.3988
106095,3.8029
106107,2.4028
106122,2.5030
106134,4.4008
106154,-0.0000
106167,4.2022
106178,3.6034
106191,6.4007
106204,1.8022
106215,4.3034
106231,2.9009
106242,4.8019
106251,3.3031
106267,0.7019
106278,3.9014
106290,6.4008
106303,5.9987
106315,5.6013
106326,3.6029
106340,4.3006
106356,1.8034
106368,2.9028
106379,4.6009
106389,5.3015
106402,4.5007
106416,2.5026
106427,3.9014
106442,2.6015
106467,1.5020
106478,5.1014
106493,4.6000
106505,4.9008
106515,6.3010
106527,4.7008
106544,2.2013
106565,3.0009
106578,5.7007
106589,2.3039
106603,4.4031
106614,4.4009
106625,5.8019
106637,5.4003
106649,3.6038
106669,2.8980
106683,4.9021
106697,4.7996
106709,4.6018
106729,4.0980
106747,2.7992
106758,3.9009
106772,4.7991
106784,3.3038
106882,-13.2078
106893,4.6024
106903,4.3025
106918,3.6005
106929,2.6044
106942,3.5012
106956,3.3016
106971,4.6000
106985,3.0026
107005,3.2990
107049,-5.8024
107064,3.2025
107076,4.4018
107093,2.4993
107110,1.7013
107120,4.4010
107134,3.5006
107149,4.2025
107166,3.6998
107182,5.7994
107195,3.5007
107215,-0.0010
107226,5.8019
107236,5.1005
107253,3.9993
107265,2.4038
107282,2.9008
107295,2.8007
107311,2.6019
107324,5.6997
107336,4.9018
107347,4.8024
107359,4.7008
107376,3.6013
107391,0.9015
107402,4.6014
107416,3.7996
107433,2.7003
107449,0.6039
107468,2.1001
107483,5.4995
107495,3.2013
107510,5.5010
107521,1.7024
107537,4.1004
107548,6.5999
107559,3.6034
107574,2.9005
107589,2.8030
107603,2.9041
107615,4.6028
107639,-0.4984
107652,4.9992
107663,3.9014
107678,4.0995
107693,2.5995
107704,3.6024
107714,5.1010
107725,4.1019
107737,3.9013
107750,4.4022
107764,3.8001
107775,6.3999
107794,4.5001
107807,3.0017
107820,5.2012
107833,3.0017
107848,3.1010
107883,-3.1000
107894,4.4009
107904,4.1015
107915,3.6029
107926,4.6029
107936,3.6030
107949,4.9022
107961,5.9003
107972,5.3024
107984,4.4013
107997,4.2017
108097,-14.1090
108113,1.7009
108125,3.4023
108137,4.2008
108148,2.8039
108163,2.4005
108175,3.1038
108186,6.5999
108197,6.6009
108207,4.8025
108224,2.0003
108235,5.6989
108253,4.4992
108268,3.6005
108284,2.5024
108302,3.0007
108314,3.7018
108324,3.8035
108336,3.9013
108347,3.8039
108358,3.6024
108368,6.8005
108381,4.9997
108395,4.0001
108409,6.2011
108423,3.8001
108436,3.2017
108453,4.8993
108467,3.5021
108476,5.8011
108490,6.6996
108504,3.3006
108515,4.5024
108533,6.1992
108543,3.6010
108559,5.3994
108575,3.3999
108586,5.1019
108599,2.4032
108609,2.8025
108620,5.4009
108632,5.3023
108644,3.4013
108659,4.8015
108673,2.5031
108685,3.9013
108697,1.9043
108709,5.2008
108725,7.2984
108738,2.5027
108748,2.8040
108758,5.6000
108772,3.4016
108788,4.1009
108799,5.1014
108813,4.0011
108828,1.4010
108842,5.0001
108851,3.8021
108868,2.2993
108886,2.2017
108898,5.1993
108912,5.7006
108925,3.8007
108947,1.2018
108959,6.5993
108971,5.1018
108986,3.6010
109001,5.4995
109014,1.8022
109031,3.1028
109051,1.1005
109071,1.4000
109082,5.1019
109094,2.4043
109105,6.3014
109118,2.8007
109132,4.3001
109146,6.1991
109158,3.4023
109169,3.1024
109183,4.5011
109194,4.0049
109206,4.4018
109222,6.0994
109242,-0.3985
109253,2.6029
109267,3.8006
109279,4.4018
109296,4.4003
109308,3.7008
109327,1.8011
109336,6.0021
109353,5.8993
109363,3.8035
109375,2.6033
109388,2.1062
109402,3.0016
109412,4.3030
109427,2.3995
109439,4.7008
109455,1.5039
109465,7.8000
109474,5.0026
109485,6.8989
109498,3.4032
109515,1.2993
109527,4.9013
109539,5.8998
109550,4.8034
109563,1.0027
109575,3.6023
109589,4.3001
109599,5.0030
109610,4.1019
109623,4.2012
109632,4.0021
109650,3.9997
109663,4.2007
109677,4.5016
109688,2.3054
109699,1.3049
109712,5.2007
109724,6.1018
109739,4.1005
109758,2.0026
109819,-7.6011
109832,4.7012
109847,5.2995
109860,4.0007
109874,6.0006
109889,3.1005
109919,0.0005
109933,4.7996
109950,3.6993
109961,4.4009
109975,3.3001
109988,3.7012
110007,-1.1974
110020,6.6997
110030,7.0010
110044,3.2031
110057,2.5007
110069,5.8998
110082,4.2002
110100,1.2997
110112,6.3998
110124,5.3998
110141,5.8983
110154,4.2017
110166,5.3993
110177,3.1034
110196,2.0996
110206,5.8020
110217,4.1019
110236,2.2996
110251,5.3005
110266,3.6010
110277,2.6034
110288,5.4009
110302,4.2006
110314,5.1993
110330,2.6009
110346,2.4014
110360,3.5996
110377,3.2008
110394,2.9993
110414,2.8985
110431,4.3998
110446,2.4000
110459,3.7027
110477,0.8007
110492,4.8000
110507,6.0000
110522,4.3005
110543,2.6984
110553,6.5005
110565,4.4023
110576,3.3029
110585,3.0051
110597,1.9033
110611,5.4996
110623,7.0998
110635,4.9013
110644,6.0011
110658,0.8036
110674,1.4019
110690,4.3014
110702,4.2003
110735,3.3967
110751,3.4984
110763,3.9018
110776,4.9022
110792,5.0989
110805,4.0002
110815,4.8030
110825,4.6020
110834,4.8021
110846,5.6003
110855,2.0041
110870,3.8995
110882,2.7023
110898,1.9019
110918,3.5990
110928,4.8020
110942,6.9996
110956,3.6006
110967,3.3039
110980,4.0007
110994,4.8001
111004,4.8025
111014,3.8025
111029,3.1010
111040,6.6009
111051,5.6004
111074,0.0982
111086,3.9023
111096,5.8005
111107,2.4024
111122,-0.0975
111140,4.7002
111151,2.6034
111169,3.7987
111183,2.7031
111196,4.0007
111211,4.8005
111224,4.5002
111237,5.2012
111248,4.6024
111264,0.9024
111279,3.3020
111294,4.7025
111309,3.6010
111333,0.1006
111355,1.6988
111366,5.3999
111381,4.1000
111396,2.4010
111408,5.6013
111421,4.9007
111439,1.3007
111453,3.9996
111471,1.7987
111503,1.1978
111514,2.3044
111523,4.5021
111541,3.4997
111556,5.0995
111567,5.6014
111580,3.5007
111593,5.9017
111603,3.4015
111616,3.4042
111633,4.6988
111648,4.5005
111661,2.5022
111673,4.9008
111685,5.9008
111698,3.2012
111708,4.3020
111720,3.9018
111732,3.6038
111745,3.0027
111758,3.9022
111776,1.5997
111790,5.4021
111804,2.8006
111818,4.0016
111830,3.4038
111846,4.8994
111864,5.6982
111877,7.1997
111892,2.8015
111904,4.4028
111916,4.4023
111929,5.0007
111942,2.7032
111954,6.3998
111967,3.4032
111977,4.0030
111990,2.7022
112000,6.8010
112012,5.1993
112025,3.5007
112054,0.0006
112069,3.3995
112083,5.2016
112092,4.3011
112102,4.0050
112121,3.5986
112131,3.6030
112147,2.6024
112160,2.5017
112183,1.4997
112194,5.6009
112205,5.1019
112304,-16.1079
112317,3.9022
112327,4.3020
112338,4.4019
112353,2.6015
112366,3.5007
112384,3.7992
112399,2.0040
112416,3.2003
112427,6.3014
112437,2.8035
112446,5.0021
112458,3.7008
112475,2.9988
112495,5.0980
112509,3.3011
112527,-0.1993
112541,4.0026
112555,3.7026
112567,2.9023
112579,4.4003
112597,2.0007
112607,6.8010
112617,3.3025
112628,4.4019
112643,4.0020
112656,4.0007
112670,5.4996
112682,4.4018
112694,4.2013
112706,5.6013
112722,4.3999
112737,7.9985
112756,3.7001
112774,2.7982
112786,3.9028
112801,2.3010
112813,5.6008
112827,2.3016
112845,1.7022
112858,6.6992
112874,5.0994
112885,3.6029
112901,2.6024
112916,0.9020
112927,6.3014
112942,2.6015
112956,0.6031
112976,2.8985
112988,6.6008
113002,0.9016
113016,3.5011
113030,4.0006
113049,1.8001
113064,5.7995
113077,4.6997
113095,2.0017
113122,1.6983
113137,6.2995
113149,4.6023
113169,1.9000
113184,2.9005
113200,3.1994
113236,0.3974
113248,4.0008
113257,4.5031
113268,4.1024
113291,1.0007
113324,-1.7008
113337,5.2012
113347,4.8030
113360,5.7002
113371,5.6004
113383,3.2003
113397,3.0016
113409,4.6998
113496,-13.6042
113509,3.9997
113520,4.2009
113538,1.3007
113552,2.8016
113568,2.6009
113584,2.1014
113597,4.7007
113613,2.9009
113627,2.3016
113638,4.6024
113654,5.0999
113668,2.8026
113679,2.1034
113703,1.5986
113722,2.6001
113741,2.3011
113755,5.6036
113769,5.7986
113780,5.1004
113800,0.6025
113810,6.5015
113822,1.9028
113836,4.7996
113855,1.6001
113866,3.5044
113878,4.9018
113893,3.1985
113908,4.5015
113923,4.8000
113937,2.3011
113956,2.0011
113971,4.2995
113982,7.0999
113994,2.2018
114010,5.3009
114021,4.8014
114035,2.8011
114049,4.5016
114063,3.7021
114077,1.4006
114093,4.8004
114105,3.4028
114116,1.3044
114134,3.9997
114147,4.7007
114160,6.6997
114174,1.8021
114220,-4.0036
114232,5.4008
114243,4.1014
114253,3.6020
114271,3.7002
114282,4.6019
114300,4.4992
114318,0.8007
114329,4.1029
114346,3.4983
114362,2.6999
114375,5.4007
114387,6.6008
114400,1.9032
114413,2.0022
114428,1.3030
114441,5.2002
114457,4.5999
114466,3.0041
114479,2.3012
114492,4.0007
114506,6.6996
114518,5.4008
114531,1.9037
114543,5.4008
114554,6.5999
114566,3.4013
114577,5.1009
114586,2.8036
114605,2.1001
114618,4.6022
114660,-2.6012
114671,3.1034
114688,1.8003
114699,3.9019
114715,3.1019
114726,3.8034
114739,4.2012
114753,4.9996
114767,3.0016
114779,2.4033
114789,5.3015
114803,4.7006
114817,2.1011
114831,4.2011
114841,4.8030
114853,5.6998
114865,3.4028
114878,3.9022
114889,3.1029
114903,5.2016
114917,4.3001
114933,2.9009
114949,3.4004
114961,3.4038
114977,2.8999
114991,4.0016
115005,2.8016
115015,2.8040
115050,-1.4990
115062,1.9038
115113,-4.3036
115123,4.1010
115135,5.9008
115147,6.4008
115161,2.2036
115178,1.2988
115206,-1.1993
115218,4.1998
115234,3.8999
115253,1.5996
115268,4.8005
115281,4.4022
115299,0.6012
115319,3.0985
115335,2.6019
115345,2.8045
115356,5.8024
115366,6.3010
115378,2.0003
115390,2.7023
115402,5.8018
115442,-1.1030
115458,4.6004
115475,3.4988
115497,-1.6007
115512,5.2005
115529,3.2003
115542,5.4012
115557,5.3005
115573,3.4014
115588,4.7995
115600,6.6018
115612,4.4008
115628,1.0009
115642,3.5016
115662,1.6990
115680,2.2012
115693,3.0012
115714,1.8999
115730,1.1024
115740,4.3015
115753,4.4022
115762,4.3011
115776,1.8021
115792,4.0994
115804,5.9008
115818,4.5006
115831,4.6027
115846,3.6015
115858,6.1998
115870,2.9033
115880,4.6005
115892,6.6008
115905,3.7017
115919,2.3021
115938,0.6016
115952,4.3006
115964,5.4008
115975,4.1029
115985,1.8050
115998,4.0012
116013,4.3005
116024,5.6019
116034,3.3035
116046,2.8008
116060,3.7021
116076,4.1004
116090,4.5006
116106,4.6004
116119,5.6997
116131,2.7013
116152,3.6009
116166,5.7991
116178,5.1998
116191,5.4012
116204,3.7012
116214,4.6020
116249,-0.7005
116261,7.8988
116273,4.2013
116286,6.2002
116297,3.4024
116311,3.0016
116321,4.3015
116332,6.8004
116344,3.6028
116353,4.8021
116368,3.8015
116411,1.6957
116425,2.7041
116440,3.6015
116456,1.8999
116470,4.5011
116483,4.7012
116496,5.1997
116508,4.8998
116524,1.3034
116537,1.7037
116551,3.2026
116563,5.9008
116577,3.3016
116586,5.5021
116601,4.6000
116615,3.8006
116628,2.7022
116638,5.3015
116651,3.4047
116664,5.1997
116673,3.5031
116692,3.5001
116706,3.1001
116724,1.0022
116738,2.8021
116751,6.9007
116765,3.5011
116797,-0.1002
116809,3.7008
116821,4.1023
116838,3.4993
116850,4.4018
116884,-0.9029
116900,1.9984
116913,3.4027
116925,4.9008
116940,2.3020
116952,5.1018
116964,4.2003
116987,2.4987
116998,6.3999
117012,4.2026
117027,2.2000
117045,3.0007
117057,4.9008
117069,5.1028
117080,4.1024
117093,4.7007
117107,3.0021
117120,3.7022
117136,1.2009
117174,-0.7033
117188,4.2026
117201,4.2022
117214,2.8007
117227,4.0012
117239,4.9018
117251,5.6013
117260,5.0011
117274,3.3011
117288,2.7021
117299,6.8014
117314,2.7035
117327,2.2022
117341,2.1006
117354,3.9022
117369,5.5985
117380,3.6034
117394,4.5011
117406,2.2033
117422,5.5994
117436,3.8006
117456,0.1020
117469,4.9022
117482,1.7032
117493,4.8019
117504,1.8049
117514,5.5020
117533,0.1011
117546,3.7997
117560,3.7016
117574,5.0006
117588,2.6006
117599,4.4019
117631,3.0978
117642,3.6034
117653,2.1034
117681,-0.1998
117696,5.5005
117711,0.6030
117732,0.6999
117748,7.0009
117759,3.6034
117773,2.0036
117786,4.2997
117798,3.1043
117812,4.2996
117822,3.4020
117837,1.3040
117852,3.8015
117868,4.5999
117877,4.3011
117889,4.9008
117902,5.9017
117918,3.8994
117930,2.2023
117945,2.8020
117957,3.9013
117968,7.0999
117980,3.4023
118000,-0.5990
118014,5.2021
118026,0.7038
118038,4.2013
118051,5.0002
118146,-12.7060
118157,5.6019
118169,5.4013
118184,2.6005
118194,5.3015
118208,2.8011
118220,4.4013
118237,0.5023
118249,4.7008
118266,3.6003
118277,5.4009
118291,2.2031
118302,4.9004
118313,7.3009
118325,4.7003
118340,5.7990
118355,4.3000
118374,0.1016
118386,4.4023
118400,4.5016
118415,5.8005
118428,6.8997
118441,4.2012
118453,2.7023
118468,3.3995
118482,4.2011
118496,2.5021
118507,2.4019
118522,2.1005
118538,1.4999
118550,3.1023
118566,3.8014
118578,2.9033
118596,2.0992
118606,3.8020
118618,2.9038
118633,1.8035
118646,2.3017
118661,4.3015
118751,-13.1070
118763,1.9033
118774,6.3009
118792,4.4992
118805,4.7007
118815,3.8030
118827,3.2018
118848,1.1999
118864,3.4004
118876,1.6048
118890,3.2026
118902,4.9008
118915,4.4027
118925,4.8025
118939,3.7996
118951,3.3053
118965,4.2016
118980,3.8990
118996,4.4004
119006,3.4015
119025,2.3011
119039,1.0036
119052,2.9032
119069,2.6028
119078,6.5011
119089,3.2004
119103,5.0011
119115,4.9003
119131,1.2019
119144,1.8007
119161,1.2028
119172,4.4009
119185,5.2017
119201,5.8004
119219,2.2997
119234,4.3000
119245,4.6014
119257,4.4013
119268,4.6019
119282,5.7986
119291,2.8031
119302,3.0054
119320,-0.9958
119329,5.5021
119345,1.4999
119358,5.9007
119369,5.4009
119388,4.0001
119399,5.3999
119426,1.9003
119442,2.9009
119456,6.2001
119469,6.4017
119479,4.0025
119493,4.5991
119507,2.9036
119530,0.1977
119556,-0.5996
119567,4.6024
119580,4.0007
119592,4.9008
119606,4.8001
119619,1.9042
119631,6.4003
119643,4.9008
119655,5.4008
119670,3.1015
119683,4.2022
119696,6.8997
119712,4.8984
119722,3.3035
119733,5.3024
119745,3.5003
119758,5.9012
119771,4.9022
119782,3.9009
119798,3.3999
119808,5.0030
119825,3.1993
119839,2.3011
119853,4.0011
119866,5.2007
119878,5.1023
119887,4.5031
119898,4.8994
119910,1.9038
119922,4.7003
119935,4.0017
119949,3.2036
119973,-0.3999
119983,3.1025
119997,2.3996
120010,2.0037
120021,5.1009
120034,2.5022
120053,4.0981
120070,2.9008
120081,5.6004
120094,4.9997
120108,3.3006
120122,4.5006
120139,4.1998
120151,5.9008
120161,4.8025
120171,3.8030
120192,1.9989
120204,4.6003
120214,3.8030
120225,5.1014
120243,0.3997
120259,3.3019
120274,4.3010
120287,3.8007
120300,4.7012
120315,4.3005
120326,5.6014
120336,3.8030
120352,3.6989
120368,2.9009
120394,-2.2006
120404,4.8030
120424,-0.3970
120438,4.2996
120450,6.6008
120462,5.1018
120472,3.3035
120485,3.7017
120496,1.7029
120509,3.4027
120522,6.2002
120537,4.1000
120550,5.6022
120562,5.8998
120574,4.4008
120591,2.4998
120606,1.3015
120619,4.2007
120635,1.2004
120647,3.4018
120665,2.0982
120677,5.6013
120692,2.5035
120703,4.4019
120716,3.7997
120734,1.7002
120745,3.8029
120761,1.1024
120781,3.1000
120792,7.0999
120808,1.2024
120822,5.9991
120831,6.0016
120845,2.8011
120858,4.0012
120869,4.8019
120884,4.3010
120898,4.8006
120908,6.8010
120924,1.4019
120945,0.0004
120960,1.7005
120971,4.1994
120986,5.2990
120997,5.4009
121015,2.7012
121027,2.2018
121039,6.6008
121050,6.8009
121063,3.2022
121079,2.0004
121094,-0.1950
121111,2.6008
121124,3.7022
121137,3.2032
121150,4.0002
121169,2.2996
121181,3.8028
121199,3.5002
121211,3.7003
121225,4.0016
121236,3.8034
121249,5.4017
121263,5.0011
121278,3.3015
121292,1.8016
121307,4.7995
121325,3.2002
121355,-1.5030
121370,2.1015
121393,0.3002
121407,3.0026
121421,2.9041
121432,2.6044
121445,2.2022
121455,5.6010
121467,0.1063
121481,1.3026
121496,4.6005
121508,4.4018
121519,6.3999
121531,4.1023
121547,4.6004
121563,3.6014
121573,4.0040
121591,2.5987
121609,2.0017
121621,3.7013
121634,6.4007
121646,6.4008
121656,4.3030
121668,5.2008
121681,3.1047
121695,2.1011
121712,3.4018
121724,1.5013
121739,2.3025
121758,3.5001
121770,5.9008
121785,2.1015
121799,2.8021
121808,5.5016
121817,4.8016
121836,2.0021
121849,4.2022
121863,3.3001
121880,1.9018
121893,4.4022
121909,3.4014
121920,6.5999
121930,4.1015
121942,3.7013
121957,3.8015
121967,2.8045
121977,1.3055
121994,2.4013
122006,1.6053
122019,4.9012
122029,5.8020
122044,3.1015
122056,7.3998
122067,3.9014
122081,2.8021
122093,6.1018
122105,3.2028
122117,3.6028
122128,7.5999
122139,3.2014
122153,3.9031
122174,1.1994
122189,5.0015
122199,6.5010
122212,3.0027
122222,4.8010
122238,3.1014
122251,3.0012
122264,5.2017
122278,2.8006
122290,5.4008
122306,3.3999
122323,4.1998
122335,2.5008
122347,4.7003
122359,5.4013
122370,4.4009
122383,2.7027
122396,3.5002
122409,2.5017
122419,5.8010
122435,1.6029
122447,3.9028
122459,4.9008
122476,1.9013
122486,5.1005
122502,3.4014
122514,5.4018
122528,3.5016
122541,2.0022
122552,5.3014
122565,4.6012
122576,7.0999
122676,-12.4090
122693,3.4993
122704,2.8044
122715,1.3059
122727,5.9008
122738,3.1034
122753,6.0985
122768,5.0995
122782,3.5021
122793,4.1024
122807,4.3006
122819,5.9003
122830,5.3019
122842,5.2003
122858,6.8004
122869,4.6019
122881,5.1023
122899,3.0007
122910,4.4009
122923,5.9002
122938,6.7995
122950,6.4003
122960,4.6015
122973,4.6017
122984,2.1039
122994,4.3010
123008,5.0006
123018,3.1025
123034,5.5989
123047,6.9002
123057,3.3035
123074,0.5008
123087,5.4992
123108,0.1019
123121,6.2002
123141,1.1015
123152,4.6014
123165,3.7022
123178,2.0012
123195,6.1983
123211,2.6994
123225,4.0016
123236,5.1014
123248,4.1028
123259,6.6009
123272,4.0002
123285,2.7027
123303,-0.4983
123316,4.9027
123329,3.8002
123343,2.8016
123354,6.5999
123366,3.4028
123376,5.3020
123388,2.4023
123399,5.1019
123410,3.6034
123421,4.9009
123432,4.6019
123443,1.2029
123458,0.9015
123471,5.5997
123486,3.6005
123497,5.1014
123506,5.5021
123516,1.3045
123529,7.3997
123542,0.3027
123555,4.2007
123573,2.9997
123587,3.3016
123600,6.1997
123613,4.0012
123627,4.8001
123638,4.3034
123652,4.0996
123666,2.3021
123681,3.3020
123691,5.3015
123705,5.0011
123717,5.6013
123728,6.5999
123739,3.6029
123753,6.2001
123824,-8.1051
123843,-0.2999
123860,4.8988
123873,6.1997
123886,2.0017
123896,5.8015
123909,3.3002
123928,2.0011
123941,4.0012
123954,4.0007
124002,-2.3028
124011,1.3046
124025,4.7011
124034,7.5001
124046,4.2008
124057,3.9014
124072,2.4000
124086,4.7016
124097,6.3019
124111,3.4036
124124,4.2007
124135,6.1004
124149,2.6011
124163,6.1996
124173,2.3045
124184,3.3034
124196,5.8013
124215,0.8991
124231,2.8999
124241,3.8035
124250,3.8021
124266,2.7004
124354,-11.3063
124367,6.2007
124378,5.8019
124393,4.6005
124406,3.5007
124423,4.4003
124438,3.3995
124450,3.4018
124465,2.6015
124475,5.8020
124487,5.6018
124498,4.1029
124512,5.0001
124527,2.1020
124543,6.0989
124555,4.4018
124572,1.7003
124585,5.1027
124599,4.2016
124611,4.9018
124622,6.1009
124639,2.9998
124650,3.9014
124663,4.0012
124675,4.3028
124685,5.3015
124696,3.1029
124711,2.1025
124720,3.5041
124730,3.8040
124741,4.9009
124754,5.4007
124765,4.6019
124777,3.4023
124790,3.7017
124803,4.9022
124874,-8.8046
124889,0.2050
124899,5.0025
124911,1.5028
124928,3.4008
124948,1.1005
124965,1.9998
124978,4.2012
124992,4.5011
125005,3.9022
125016,3.4019
125026,3.6020
125038,3.9023
125049,5.6009
125060,4.1024
125072,4.6023
125088,-0.4981
125105,1.9018
125123,0.5997
125136,4.7012
125151,3.8020
125164,4.9022
125180,2.4014
125193,2.5012
125210,2.1998
125222,5.1008
125233,4.4014
125254,-0.0006
125269,2.9000
125284,4.3005
125298,4.8006
125313,3.3995
125326,3.4037
125338,5.1998
125348,4.5030
125363,5.3000
125376,4.7012
125396,3.1000
125408,4.1023
125418,4.8020
125432,5.2011
125443,5.6014
125455,3.2028
125468,2.5022
125482,4.0021
125504,0.7003
125519,4.6000
125531,2.2028
125545,4.0006
125559,4.2016
125571,4.7008
125588,2.0003
125600,4.3028
125610,4.8020
125626,4.6004
125643,6.3988
125663,0.6990
125680,2.2013
125693,4.4027
125705,4.2013
125716,4.8024
125727,4.3039
125737,3.3040
125748,4.6024
125760,5.4008
125773,4.0002
125782,5.3011
125797,4.8005
125811,5.5006
125823,4.6023
125836,4.9022
125849,4.2997
125862,4.4022
125872,5.8020
125882,2.8035
125898,6.0994
125912,3.5996
125923,5.6014
125934,5.6014
125947,2.0032
125959,3.0008
125970,3.1019
125983,4.0007
126001,1.8002
126015,5.4991
126025,4.3020
126039,4.2016
126050,3.8034
126069,2.5986
126082,4.0012
126098,1.4024
126112,4.5996
126127,4.1000
126140,4.4027
126149,5.0031
126158,4.0036
126167,4.0036
126184,3.1998
126193,5.5016
126205,4.4008
126217,3.7013
126231,6.7006
126242,4.9009
126257,6.0010
126268,4.9009
126279,3.4024
126294,5.2995
126314,-0.7995
126324,6.5015
126334,4.8015
126346,5.6008
126358,4.4028
126376,3.2002
126386,3.1030
126399,2.2037
126415,2.9009
126429,2.1016
126444,4.1005
126461,3.8013
126481,0.9000
126494,4.4037
126506,3.6028
126521,4.3010
126538,5.5993
126549,4.4004
126561,6.1008
126576,4.8000
126587,1.4044
126600,5.7007
126617,3.2013
126628,5.1009
126642,5.0986
126655,4.6027
126666,4.3029
126676,5.3015
126694,4.2982
126706,4.1033
126722,4.3994
126736,7.1991
126758,0.7993
126770,4.8998
126781,5.6019
126793,3.6028
126806,1.5032
126816,3.3030
126827,3.6024
126853,-3.4006
126864,4.6009
126875,4.4009
126886,3.4029
126896,4.1015
126913,2.2013
126930,1.2008
126940,4.3020
126955,3.6000
126965,5.5015
126980,3.1000
126994,2.8011
127011,3.6993
127028,2.8998
127041,3.0022
127052,5.8999
127067,6.9985
127080,3.2027
127093,4.5007
127107,3.5011
127119,3.0018
127133,3.7011
127150,3.4988
127163,6.4007
127185,1.6998
127200,4.3995
127216,3.1019
127231,6.7985
127244,4.2022
127256,4.7008
127268,4.9008
127279,0.9049
127293,3.5011
127308,3.5015
127323,2.1015
127335,0.4043
127344,3.5031
127356,1.4043
127367,3.6014
127378,4.8034
127389,4.1029
127402,3.7017
127411,6.5011
127423,4.9008
127435,4.4023
127450,1.8030
127460,3.8030
127475,2.4000
127486,8.2999
127500,1.8021
127518,2.0007
127533,1.8030
127543,3.3040
127553,3.6015
127565,5.6018
127577,6.8998
127595,3.2012
127606,4.6024
127619,4.9002
127631,3.6038
127642,3.6034
127656,3.3011
127673,3.9003
127685,1.9033
127703,3.0002
127716,7.3987
127727,3.9014
127746,2.0006
127756,4.6010
127767,5.3014
127785,2.7992
127799,4.2021
127810,5.1019
127834,2.0986
127849,4.1000
127863,3.8011
127877,4.5001
127889,2.1033
127903,6.6996
127915,4.4028
127934,3.5986
127945,4.1024
127958,4.4017
127971,3.0022
127986,4.3010
127996,6.3005
128008,4.1018
128019,3.4019
128035,2.6019
128047,3.4013
128056,2.8026
128069,3.5012
128085,6.2994
128097,4.4008
128107,4.6010
128119,4.4018
128133,4.5016
128148,3.3010
128158,3.1030
128169,6.1009
128183,3.6001
128198,5.0025
128210,3.9023
128221,1.8049
128235,6.4996
128244,3.3021
128257,3.7027
128270,1.7032
128280,4.1020
128298,2.2022
128312,4.0016
128330,3.9992
128340,2.8025
128354,5.4031
128367,1.8017
128388,3.0984
128399,5.6019
128410,3.6024
128423,5.2002
128433,5.6010
128443,4.8020
128456,4.0012
128468,4.9013
128481,9.0992
128492,4.6014
128508,0.9999
128520,1.6048
128534,4.5016
128544,4.8025
128558,5.7011
128572,5.7006
128583,5.1004
128595,3.7013
128609,3.0021
128625,5.3004
128637,1.6038
128648,4.6019
128664,2.4019
128674,5.3010
128684,4.8020
128695,4.6024
128708,5.2007
128725,5.6983
128737,5.1023
128750,2.2027
128763,2.7022
128776,4.2012
128790,4.5006
128806,2.6029
128820,6.6996
128830,7.5010
128842,5.6018
128854,5.4013
128866,5.4008
128877,6.3999
128890,3.0022
128904,4.3001
128921,2.4998
128933,5.4018
128948,4.0995
128962,4.4026
128974,4.9018
128985,5.1014
128995,3.8035
129008,4.7017
129019,4.8024
129034,5.0995
129046,5.8013
129061,5.8000
129074,3.7017
129085,1.6054
129099,2.9031
129109,3.8035
129120,3.8034
129131,4.6024
129142,4.9009
129154,5.1023
129167,4.0007
129230,-5.1023
129247,1.3003
129260,4.4027
129270,2.6030
129281,4.6019
129302,0.4999
129400,-13.8053
129415,1.8035
129436,4.8979
129453,2.0013
129474,-0.7001
129487,6.6007
129501,2.8006
129515,4.5996
129539,0.3001
129553,5.0011
129564,5.3029
129577,4.2012
129586,5.3011
129609,1.0002
129624,2.6010
129638,4.0016
129649,4.4009
129666,2.9993
129680,3.9036
129691,4.4014
129707,0.0054
129720,4.5007
129732,2.9033
129744,3.6023
129766,-0.9987
129776,4.3025
129790,2.8016
129802,6.6013
129820,1.5002
129833,4.2022
129844,3.3034
129857,4.2007
129874,2.2018
129891,2.9983
129908,3.4003
129919,2.1034
129936,3.2003
129947,2.1029
129958,5.7999
129968,5.6010
129983,0.2015
129997,5.7016
130012,4.3010
130089,-9.0067
130098,3.5031
130110,2.0023
130123,1.2022
130135,6.1008
130146,1.1044
130157,2.6034
130171,2.8016
130184,2.9037
130200,2.2004
130212,5.4003
130222,6.3000
130233,3.4024
130244,3.8039
130259,3.4005
130281,1.0003
130293,5.1018
130304,3.6029
130317,2.7022
130329,4.6023
130339,5.8015
130351,3.4023
130365,2.6011
130378,3.4027
130391,5.4992
130402,4.1019
130413,4.1024
130424,1.6044
130450,3.2989
130463,7.1997
130476,4.2027
130493,5.8988
130507,7.2001
130522,3.4005
130535,3.3007
130547,4.9018
130560,7.4007
130576,4.1984
130588,5.3023
130601,5.6997
130612,4.6019
130622,4.3025
130636,3.8006
130647,3.8034
130663,2.2009
130683,5.0980
130695,3.9028
130707,5.4008
130721,3.6006
130736,3.6010
130750,2.3006
130767,3.2003
130779,5.6013
130790,4.3029
130800,3.3030
130813,2.8017
130824,4.8024
130840,1.4024
130851,4.1029
130863,3.9023
130874,3.6029
130884,5.3020
130899,2.6025
130909,5.1005
130922,5.2007
130932,4.1020
130947,4.5005
130957,4.8015
130967,6.0015
130980,3.2017
130991,6.0999
131003,4.6998
131014,4.4004
131028,4.8006
131040,7.8988
131051,6.3014
131063,5.4018
131075,5.9008
131092,5.3993
131102,3.8035
131117,4.1005
131135,3.9982
131151,2.4019
131162,6.1009
131177,4.8010
131197,0.1015
131210,3.0022
131222,4.1033
131234,3.6033
131246,4.2008
131276,-1.8995
131287,5.4009
131299,2.7023
131314,4.0025
131327,0.8032
131339,7.5998
131353,2.0026
131363,4.8020
131375,4.6013
131413,-1.2028
131428,6.0005
131441,1.8022
131461,4.6990
131477,3.2004
131492,4.8005
131503,4.9009
131516,5.6022
131529,6.4012
131541,3.6028
131554,3.7022
131568,4.0011
131580,3.0003
131592,6.5993
131602,4.3020
131615,5.9987
131629,3.3011
131640,5.1009
131655,4.3010
131672,4.6988
131682,3.8035
131693,3.2009
131708,3.3010
131722,3.2031
131734,4.9018
131744,5.3015
131758,4.0016
131772,3.3011
131788,5.3994
131800,4.4028
131814,1.8026
131830,2.4014
131843,2.2027
131859,3.6989
131871,6.8003
131881,6.3010
131893,3.7018
131908,4.8000
131921,2.5022
131937,2.1019
131947,5.8000
131958,4.1019
131971,2.2032
131980,2.8041
131993,6.9007
132068,-9.1060
132083,4.8015
132095,4.4018
132108,4.7017
132121,4.2017
132132,5.1009
132143,5.1004
132156,5.6997
132170,5.0001
132182,3.4013
132202,3.5995
132214,4.4013
132226,4.2013
132243,5.1003
132257,2.3021
132271,3.5021
132297,-1.5981
132306,1.3051
132318,2.3058
132327,3.8031
132342,2.9005
132352,3.5035
132362,4.3020
132372,3.3035
132381,4.5021
132394,6.6992
132407,1.5027
132422,5.0990
132434,4.9018
132446,5.4008
132457,6.5999
132466,5.8011
132476,5.0995
132486,3.8040
132496,2.6035
132510,5.2021
132520,5.1010
132534,5.2016
132552,3.7992
132562,4.1020
132572,2.6035
132585,6.2002
132597,3.4018
132608,5.3019
132623,4.5990
132639,1.9014
132652,6.6997
132662,5.3020
132675,3.2022
132686,3.6039
132696,2.6030
132706,5.0035
132721,5.9995
132735,3.3016
132746,2.4029
132762,2.9004
132772,4.8030
132784,3.9018
132796,4.9003
132807,4.1024
132818,4.3029
132828,5.8005
132840,6.6008
132857,2.0003
132874,0.7023
132891,1.7018
132902,4.8024
132913,4.6014
132924,5.3014
132934,3.3030
132949,4.3005
132960,5.6014
133055,-13.6075
133069,5.2006
133080,3.4014
133093,1.7037
133103,3.3035
133119,2.9009
133129,5.3015
133144,3.3015
133155,1.9029
133172,0.9028
133188,5.7994
133201,3.2022
133216,1.4015
133228,3.9018
133242,3.7026
133253,4.9009
133268,2.1995
133282,2.2036
133291,4.8011
133307,1.9014
133318,3.6029
133329,4.6019
133345,2.2009
133356,5.4004
133372,4.4004
133384,3.9018
133394,5.8005
133403,3.5036
133414,3.1034
133424,2.8030
133447,0.3982
133459,4.9018
133473,3.0016
133482,2.5046
133494,5.2003
133506,4.2013
133520,2.2026
133536,2.4014
133553,3.1008
133563,5.3010
133578,5.0995
133589,4.0044
133600,2.8044
133615,3.6000
133628,2.8012
133642,3.0016
133663,2.6979
133679,5.3984
133691,5.3028
133704,3.2017
133716,2.2028
133730,3.0011
133749,2.3991
133762,5.6997
133775,4.7012
133784,5.3011
133797,4.7012
133809,7.5998
133845,-0.9016
133856,5.8989
133871,3.3995
133882,3.1024
133898,4.1994
133911,6.9007
133921,5.0030
133933,4.4008
133945,3.9013
133962,3.0003
133972,4.3030
133985,2.5022
133999,2.5031
134011,3.6023
134028,4.6013
134045,0.9013
134059,6.4996
134073,2.1006
134087,5.7011
134101,3.8011
134119,2.5987
134132,3.0007
134147,2.3025
134158,3.9014
134174,4.3999
134193,1.5991
134207,4.0021
134221,2.8016
134235,5.2991
134247,4.4013
134258,2.8034
134269,5.6014
134282,6.4012
134296,4.0011
134309,3.2012
134328,1.3996
134342,5.0986
134355,5.6017
134369,3.0016
134382,5.4007
134392,8.0000
134406,5.2996
134421,3.6000
134432,4.1014
134450,1.3007
134463,2.4037
134474,4.1019
134490,6.0989
134501,1.8059
134513,5.4013
134525,4.1033
134536,3.8039
134566,0.3975
134580,5.7986
134603,-0.4013
134616,4.9017
134629,3.8002
134643,2.9036
134656,4.7012
134666,3.0040
134679,5.9012
134691,4.4018
134705,2.8011
134717,3.9023
134728,6.1009
134740,5.9008
134753,6.4012
134763,3.3020
134778,4.0020
134792,2.3021
134805,4.7007
134817,4.6018
134829,2.0018
134842,4.9022
134857,2.4015
134873,1.7009
134884,1.6044
134900,5.5994
134912,6.6008
134923,4.1009
134933,3.6020
134947,3.2031
134958,4.8039
135018,-5.2035
135035,5.3998
135051,5.5994
135067,3.4004
135078,6.1009
135089,5.3014
135098,2.0046
135108,6.3005
135119,5.1999
135132,3.6037
135145,2.8017
135158,3.9022
135170,4.6033
135187,4.1993
135200,3.9997
135216,4.5994
135227,4.6024
135238,4.6014
135251,2.7017
135268,3.2003
135279,6.1009
135290,3.4024
135302,3.9023
135314,4.6993
135333,4.1996
135347,2.5021
135361,3.5001
135374,5.9007
135385,6.6004
135397,5.4003
135410,3.0012
135422,4.8033
135435,5.9017
135449,1.2046
135463,6.0006
135482,2.8001
135493,4.3034
135506,6.1997
135516,4.8025
135531,4.3005
135542,4.1029
135560,1.3002
135577,3.4993
135589,4.1033
135602,4.5007
135614,4.6028
135623,3.5036
135634,4.9004
135646,3.7018
135662,3.1004
135673,5.3009
135682,4.5016
135698,2.8999
135710,3.2028
135727,3.2008
135741,4.0016
135750,5.0031
135763,4.7017
135775,2.5008
135791,3.1994
135807,2.3029
135818,5.1014
135829,5.1009
135838,2.5046
135850,5.6018
135860,5.3010
135874,2.3996
135887,4.4022
135897,5.3015
135905,4.0032
135916,4.6024
135926,4.1020
135937,5.4009
135950,5.9002
135960,4.8015
135972,4.9013
135987,6.5000
135999,3.7003
136009,6.5010
136018,5.0026
136029,7.5989
136041,4.4018
136053,3.2018
136064,2.5054
136074,5.3000
136084,2.1035
136103,3.3001
136116,5.2007
136130,4.2996
136147,2.6998
136160,3.4997
136177,2.9023
136187,5.0030
136200,4.0002
136214,2.8006
136225,5.3029
136235,3.6020
136248,5.0002
136262,5.2991
136273,4.3034
136289,3.3999
136303,2.5996
136315,5.4008
136326,7.7989
136338,3.2023
136349,5.3019
136362,5.2012
136373,5.8019
136384,4.6019
136397,6.1987
136410,2.2032
136420,4.8025
136432,3.6033
136528,-12.3086
136548,1.1995
136561,1.2037
136572,5.8989
136582,5.0025
136600,4.0002
136615,1.4010
136628,4.4012
136639,5.8999
136652,3.2037
136671,0.1016
136684,3.5017
136696,6.1013
136707,4.6014
136722,2.8015
136736,4.5011
136752,5.1004
136763,6.6009
136774,2.6029
136787,5.2002
136799,4.9013
136808,3.1021
136820,4.3028
136831,4.1029
136844,5.2002
136857,4.7012
136870,5.4012
136883,4.5007
136896,3.2022
136912,2.9004
136925,6.2007
136937,2.9028
136950,4.2012
136963,3.0017
136979,5.0994
136993,4.0016
137008,4.1000
137022,5.7011
137037,3.1985
137050,1.0027
137066,4.6004
137078,5.1998
137091,2.4032
137107,3.6004
137121,4.7011
137132,1.4029
137145,5.9012
137157,1.4048
137170,5.2007
137189,1.1001
137207,1.5002
137223,2.1019
137235,5.6998
137248,6.1997
137346,-13.8063
137359,4.9017
137370,4.1019
137380,4.1015
137393,3.4022
137406,5.2002
137417,4.8024
137429,6.1993
137449,2.3990
137461,3.4033
137472,4.4009
137487,5.5010
137499,3.4013
137510,3.9014
137521,1.8054
137550,0.3001
137562,4.1018
137580,4.4982
137601,1.6004
137612,5.1009
137625,2.5022
137641,5.5004
137654,2.0012
137672,0.0032
137686,7.1991
137703,4.6993
137717,5.2006
137731,6.6991
137744,3.7017
137756,3.4028
137770,4.0006
137783,1.8017
137795,5.8028
137807,3.5008
137827,0.3025
137839,4.2013
137858,1.8001
137871,4.2007
137888,3.4008
137902,4.0021
137919,1.5003
137935,4.5999
137950,5.2995
137961,3.1029
137973,6.1003
137985,4.2013
137999,3.0021
138011,4.0008
138023,3.4028
138036,3.7022
138047,5.4009
138071,0.5981
138087,2.0004
138103,0.2014
138115,3.4033
138129,1.8026
138141,4.8993
138154,4.2017
138165,4.4004
138182,0.8003
138196,4.7016
138208,3.4018
138218,4.8025
138228,4.8025
138238,5.3010
138249,2.8044
138260,4.6024
138272,5.6018
138286,2.8016
138302,3.6014
138318,-0.6986
138344,-1.7016
138359,5.3005
138375,3.6989
138386,2.4024
138397,3.9019
138425,4.1972
138436,6.5999
138449,4.9012
138463,4.9996
138473,4.3020
138484,5.1019
138499,5.0000
138510,2.6034
138520,6.3010
138531,4.6024
138542,4.1029
138553,3.4029
138568,2.4005
138581,4.1032
138595,5.4996
138609,3.0031
138620,6.3009
138631,3.6024
138647,3.6014
138658,4.6019
138671,3.5002
138683,3.6033
138694,3.8044
138710,5.5994
138723,3.4022
138736,6.2007
138747,5.6009
138757,3.6020
138771,4.7996
138786,4.8010
138798,5.8998
138810,1.8063
138819,6.5011
138830,4.1014
138841,5.8999
138854,4.7012
138878,0.8986
138890,5.1013
138902,1.4033
138912,3.6025
138924,4.6023
138934,2.8045
138954,2.1990
138968,3.3011
138981,4.7017
138996,1.9010
139009,5.4017
139020,5.1014
139031,4.6004
139044,6.8997
139060,5.3004
139074,2.5021
139087,4.4022
139097,4.5030
139117,0.4005
139129,4.4023
139142,4.2017
139154,3.6023
139165,5.6019
139176,5.1014
139187,6.1009
139202,1.8020
139217,5.4995
139232,4.1005
139244,3.5008
139254,5.3015
139271,3.6993
139287,2.8019
139297,3.3035
139309,5.1998
139322,4.7017
139336,2.3016
139347,5.6019
139358,4.6024
139369,5.1014
139384,2.8995
139396,3.2013
139409,5.9007
139423,4.3006
139438,1.2010
139461,1.5987
139473,3.1043
139481,4.3012
139494,5.2002
139506,4.4018
139519,3.2027
139530,5.1014
139542,4.9008
139560,1.2022
139573,6.2007
139584,6.1004
139594,3.3040
139610,2.4014
139646,-2.6006
139659,7.3987
139670,5.3999
139681,4.3039
139689,5.0017
139701,6.1008
139710,5.8011
139720,2.3030
139735,5.7995
139745,4.6010
139760,2.3030
139771,5.1019
139781,4.3010
139806,1.0995
139816,4.3030
139828,3.1033
139839,3.9009
139852,4.2017
139866,1.5036
139881,3.1005
139894,4.7002
139904,5.3005
139919,4.0015
139932,5.4997
139944,1.7038
139957,3.7022
139971,2.3021
139981,4.8030
139991,6.3010
140001,6.8010
140014,5.4992
140028,1.1011
140041,2.7032
140051,6.5020
140063,7.3988
140077,3.8016
140089,7.3988
140099,5.8000
140111,5.6018
140121,5.8020
140133,5.4008
140150,3.4003
140162,6.1988
140259,-13.3077
140268,4.0031
140281,4.5007
140296,4.3995
140308,3.6023
140320,2.5018
140334,5.7006
140358,2.4996
140372,4.3001
140388,3.6019
140400,5.4018
140415,2.6020
140427,6.1003
140437,4.8030
140453,2.9004
140468,5.7985
140483,5.3000
140495,3.2013
140508,3.1037
140523,3.8000
140539,5.3989
140552,6.3992
140565,4.9007
140578,4.0007
140588,5.8015
140604,3.4014
140616,5.4008
140626,6.8000
140639,5.7002
140649,5.8005
140661,5.1013
140674,6.1997
140687,4.2012
140697,7.2995
140709,3.9028
140718,4.5031
140734,3.3999
140746,2.6038
140757,5.3994
140770,6.1997
140784,4.2011
140797,4.7017
140814,2.5003
140824,4.5030
140835,4.6029
140849,4.0011
140861,2.9033
140872,4.1019
140882,2.8045
140893,5.1004
140904,4.1019
140916,4.1028
140928,4.6018
140940,5.4008
140953,1.0042
140967,3.3016
140979,4.7008
141076,-13.1072
141087,4.5034
141102,4.8005
141115,4.5007
141127,4.6018
141140,8.3987
141154,3.2031
141170,3.9004
141183,2.0022
141196,4.4997
141208,6.3013
141220,5.4013
141234,4.8001
141246,5.4013
141259,3.7007
141307,-2.7038
141318,3.3029
141332,3.0991
141345,4.6027
141355,5.3020
141368,7.1987
141382,3.3011
141392,3.8035
141403,4.1029
141412,5.8011
141425,6.2002
141437,4.4018
141447,4.1015
141462,5.2995
141478,5.3994
141487,3.8021
141503,4.6014
141513,4.8015
141527,4.5011
141537,6.5015
141546,4.0036
141561,5.5990
141575,3.8011
141586,4.8039
141596,4.8020
141610,4.5011
141621,5.1019
141632,5.6019
141651,0.8996
141667,4.1004
141684,2.8998
141696,7.3993
141706,5.8000
141721,3.5025
141733,5.6023
141743,3.8035
141754,3.6029
141768,3.0021
141780,6.1008
141792,4.6998
141807,4.3005
141819,2.7028
141831,5.8018
141841,6.8010
141850,6.0011
141861,7.0994
141870,6.0021
141885,3.8010
141900,1.8020
141912,3.4028
141924,4.1023
141933,2.8031
141949,1.9009
141959,4.1020
141976,0.8008
141990,3.0021
142003,5.9017
142013,3.8035
142024,4.6004
142036,4.4023
142046,3.8025
142058,4.6023
142069,7.0989
142081,6.1993
142094,2.5017
142104,5.3015
142116,6.6008
142130,5.9991
142139,3.5036
142151,4.4008
142162,5.1014
142176,4.0016
142187,2.1039
142196,3.8026
142213,2.2013
142224,6.1009
142237,4.0017
142252,2.3010
142264,4.2008
142277,3.2027
142291,2.2041
142302,5.6019
142316,1.1021
142330,5.4026
142341,5.6014
142353,5.8998
142366,3.0017
142376,5.7995
142390,3.7031
142401,6.6009
142412,2.8034
142426,3.8006
142436,5.6010
142447,6.3019
142459,5.4008
142480,0.7984
142498,4.7002
142517,4.7991
142528,4.3034
142539,5.8999
142552,2.2037
142564,4.6023
142575,3.9014
142591,1.9014
142610,0.4001
142631,2.1009
142648,1.3003
142665,3.4023
142687,1.4988
142705,4.9992
142717,4.4018
142730,4.0007
142744,3.5021
142756,3.4028
142767,5.1014
142778,6.6009
142790,4.7008
142804,4.3006
142818,6.0001
142832,5.2011
142843,5.8009
142855,5.1998
142866,3.4019
142880,3.3011
142899,2.2996
142910,5.5999
142920,3.6015
142934,1.1021
142953,2.3006
142968,3.5990
142986,0.3017
142999,4.2012
143015,6.0984
143027,4.6023
143038,6.1009
143051,4.7007
143065,1.8016
143079,3.0026
143089,4.8015
143103,4.5986
143114,5.3019
143127,3.2997
143145,3.4997
143155,4.8020
143166,5.3019
143178,3.9023
143190,4.4008
143203,2.0022
143215,3.4028
143226,5.4009
143239,5.9017
143249,4.8030
143262,4.2022
143359,-14.0077
143372,2.7017
143383,3.6034
143395,4.3048
143406,2.6039
143418,5.8998
143429,5.6019
143442,6.6997
143454,5.4008
143466,5.8998
143486,0.1025
143500,4.2021
143509,2.0056
143521,3.2018
143534,4.9992
143549,1.9015
143605,-6.1031
143617,6.1013
143627,5.8010
143639,3.6043
143650,4.6029
143661,6.1009
143673,3.9028
143691,2.0017
143701,6.2995
143715,3.0021
143725,2.8045
143736,3.4019
143749,5.7007
143764,3.6015
143775,3.0034
143785,2.6040
143796,4.1009
143809,4.7002
143822,4.7012
143836,5.0006
143853,1.2013
143866,2.5017
143878,3.6033
143894,2.6009
143907,2.3007
143921,6.4986
143935,4.2996
143946,5.6014
143959,3.5017
143971,4.2008
143987,4.3994
144002,3.3010
144015,6.8997
144027,3.7013
144041,0.8031
144069,-3.1008
144082,3.2032
144093,4.1024
144107,2.3021
144125,3.0012
144140,5.5995
144153,4.0007
144164,3.1034
144180,1.3024
144193,4.0017
144206,4.9997
144218,4.2018
144232,6.9991
144244,4.9008
144257,5.9002
144266,3.8026
144278,6.6988
144295,1.0018
144316,0.4994
144326,4.6015
144344,2.7012
144358,3.6006
144371,3.9027
144382,6.3019
144394,5.6013
144406,5.1023
144416,5.5030
144426,5.1010
144444,5.9982
144455,2.9019
144475,2.3990
144490,6.2990
144501,3.6034
144513,3.2013
144525,6.3998
144538,5.1032
144554,0.9024
144567,2.4042
144664,-11.3097
144679,2.6990
144691,5.1013
144709,2.3002
144719,2.1030
144732,3.9027
144750,4.9982
144760,3.6020
144774,3.4031
144784,2.0055
144796,3.9998
144805,3.3026
144825,2.1000
144837,5.4003
144849,6.8993
144865,0.2024
144879,4.4021
144888,4.0041
144899,5.6009
144910,3.6034
144924,4.2991
144939,4.6000
144953,5.4996
144965,2.9018
144983,0.7027
144995,2.6043
145009,3.8006
145021,3.9023
145031,3.6020
145053,1.7003
145064,6.1009
145078,5.0006
145088,1.5055
145099,3.6024
145112,4.2017
145123,4.4014
145137,5.2011
145149,2.2028
145162,4.2012
145177,3.1005
145194,1.2023
145209,2.2000
145227,1.7012
145244,4.1988
145258,4.0991
145273,2.1020
145289,4.3994
145300,2.4039
145316,5.3009
145328,4.6028
145347,1.3991
145355,5.0017
145368,2.5027
145380,3.9018
145394,3.6001
145410,6.0989
145426,2.6994
145438,3.2018
145451,5.2012
145466,4.5990
145485,2.1001
145496,3.3039
145507,3.4019
145519,5.8023
145534,3.6005
145544,4.3020
145563,0.4006
145576,4.5002
145587,3.1029
145599,5.6028
145614,2.1010
145627,5.7002
145640,5.4997
145653,4.2007
145671,1.3007
145681,2.8030
145694,2.0017
145706,5.6008
145720,3.6006
145732,5.1013
145748,1.8039
145761,4.2012
145771,5.8010
145781,4.3030
145792,2.4019
145804,5.8033
145813,4.8021
145835,1.4018
145884,-5.2019
145894,4.8030
145908,4.2996
145921,3.5007
145939,1.3002
145954,2.8030
145969,1.4010
145993,-0.5999
146004,5.3999
146019,4.0010
146031,2.6038
146042,3.7009
146054,6.1013
146066,4.4018
146078,3.4023
146093,4.3000
146107,2.8011
146117,3.3025
146139,-1.4002
146151,3.7013
146163,3.6043
146182,2.3011
146197,4.1005
146210,3.9022
146220,5.8010
146235,0.8035
146250,4.3010
146264,1.6021
146275,2.6044
146289,5.9021
146301,3.7013
146310,4.5031
146326,1.7014
146338,4.6033
146351,3.7012
146361,3.6030
146374,5.1027
146385,5.1014
146400,2.4010
146413,4.9017
146424,5.8019
146440,4.1994
146472,2.7978
146486,2.3016
146497,6.1009
146509,3.9013
146522,5.4997
146534,5.1023
146546,5.2003
146557,4.4019
146568,5.5029
146583,4.6000
146598,5.2995
146626,0.0982
146636,2.8045
146653,2.7008
146662,4.0026
146674,5.4013
146689,3.8015
146707,0.6002
146722,6.2000
146734,4.9013
146744,3.8035
146757,4.2022
146770,3.7992
146786,0.6034
146800,3.2036
146809,7.0011
146826,1.5013
146842,3.6014
146854,6.3988
146868,3.8006
146879,3.1029
146888,3.8031
146901,4.4032
146913,4.9003
146925,2.9023
146936,4.8029
146947,6.5999
146960,2.8002
146977,1.9023
146990,4.5007
147005,2.8015
147019,2.5031
147031,4.4023
147044,4.9012
147056,4.2008
147076,1.4000
147089,4.7012
147104,6.0010
147120,4.3999
147134,4.4996
147150,2.3029
147161,4.6029
147172,3.8039
147186,2.2021
147206,0.6990
147218,3.4023
147230,5.4013
147244,2.5026
147256,3.2028
147276,1.3990
147287,4.6029
147299,3.2018
147315,5.3004
147327,4.2008
147346,4.4991
147372,2.0994
147382,5.6010
147399,2.2993
147412,5.1022
147424,7.1988
147439,5.0010
147450,5.1014
147460,5.3010
147472,6.1018
147482,4.3020
147494,3.9998
147506,4.9018
147526,4.7990
147541,7.4990
147552,3.6029
147569,3.1018
147585,3.1004
147596,4.1029
147608,2.4028
147618,3.8035
147631,2.2027
147645,4.0021
147656,4.1024
147667,6.5999
147679,5.1023
147701,0.2988
147712,4.6024
147723,5.6019
147741,3.0982
147759,4.2007
147773,1.1021
147786,2.6057
147801,3.5995
147813,4.6028
147828,2.3995
147845,2.2003
147856,2.8039
147865,3.5021
147878,5.2007
147895,-0.1977
147908,3.4027
147921,3.2037
147934,4.4032
147945,3.9014
147960,3.6005
147970,1.1040
147988,2.5002
147999,4.1019
148009,5.3015
148020,4.4019
148030,3.6025
148045,3.3015
148055,5.8010
148068,4.0007
148080,4.9013
148092,6.8998
148104,5.6018
148116,2.4033
148129,5.7007
148142,6.2007
148154,2.4028
148169,4.6000
148184,3.1000
148195,4.9009
148213,5.1997
148224,3.6029
148242,5.1992
148255,4.7007
148271,5.0999
148283,5.9003
148298,2.9005
148315,3.9008
148326,5.1004
148337,2.9024
148353,3.4004
148362,1.8046
148374,4.4023
148392,0.8017
148405,6.4007
148414,6.0006
148428,4.2996
148439,4.6019
148449,4.1015
148460,4.9009
148474,3.7031
148486,5.1998
148505,3.9996
148516,4.6019
148528,6.1008
148539,2.6034
148550,2.6029
148561,6.5999
148572,6.0994
148585,2.0007
148602,2.0003
148616,3.2026
148627,7.0999
148636,6.5006
148648,3.9018
148659,2.6039
148669,3.6015
148682,3.7012
148692,5.0035
148703,5.8009
148715,4.8993
148727,3.1033
148741,6.9986
148754,2.8007
148769,3.8005
148782,3.0022
148797,4.3995
148809,3.6028
148819,5.5030
148829,5.8020
148841,2.7018
148854,4.9022
148866,4.2008
148880,5.4996
148892,4.2013
148904,3.9018
148914,3.8040
148927,5.9002
148937,6.3000
148947,4.6020
148961,1.7031
148983,-0.4997
148998,1.9010
149012,3.8001
149023,6.8009
149036,3.9017
149046,6.3005
149058,5.6008
149072,4.7016
149085,6.6997
149097,4.2013
149108,1.8054
149118,3.8025
149131,7.8997
149143,3.4033
149152,6.5001
149162,3.6025
149177,5.3000
149188,4.9004
149200,7.3988
149212,5.6013
149225,2.0022
149253,0.2992
149266,5.2007
149279,3.0017
149295,4.8009
149306,5.8019
149315,3.8016
149326,4.1019
149340,1.4016
149350,5.1005
149363,3.9027
149373,4.3030
149386,2.5022
149397,6.3009
149409,4.9013
149430,2.4979
149440,5.3020
149451,2.6029
149465,5.9996
149475,2.6035
149490,1.8020
149503,4.5007
149515,3.9023
149532,4.6008
149544,2.9038
149554,3.8025
149564,4.8025
149581,1.9013
149591,4.5030
149606,2.6990
149619,8.5987
149631,5.9008
149642,1.9034
149657,3.3015
149670,3.5012
149683,4.2012
149697,3.1006
149711,4.5016
149723,6.6018
149733,5.3005
149743,3.8025
149752,4.1011
149772,1.4000
149788,2.3999
149799,3.9009
149814,0.6030
149830,1.8029
149849,2.7991
149859,3.5030
149871,3.4023
149885,4.3001
149896,6.3009
149908,4.1018
149925,3.2013
149935,5.8020
149948,4.2022
149961,2.8007
149975,4.5001
149986,5.1009
